100 800
0 20 41 466
0 91 76 405
1 41 68 78
1 50 80 371
2 25 43 383
2 87 61 97
3 6 92 46
3 71 57 462
4 23 19 407
4 68 18 60
5 89 84 201
5 84 36 311
6 18 74 156
6 22 78 300
7 49 12 79
7 36 50 475
8 62 93 228
8 67 21 360
9 47 48 386
9 10 90 201
10 40 68 255
10 41 35 94
11 79 46 333
11 30 31 244
12 78 16 156
12 91 33 61
13 53 65 250
13 16 78 95
14 72 85 306
14 72 66 277
15 45 89 194
15 32 95 258
16 27 65 261
16 53 71 200
17 80 85 165
17 99 28 211
18 45 91 342
18 90 77 225
19 25 15 156
19 62 64 391
20 34 88 410
20 62 83 376
21 95 69 492
21 28 79 211
22 48 39 484
22 91 91 227
23 51 75 261
23 97 23 372
24 94 49 222
24 93 75 92
25 34 15 244
25 67 46 378
26 36 84 325
26 43 72 377
27 44 60 299
27 44 43 139
28 83 20 89
28 73 99 446
29 31 95 167
29 40 49 281
30 99 58 187
30 82 34 40
31 85 53 263
31 71 96 410
32 92 12 89
32 44 33 246
33 39 75 259
33 39 61 440
34 62 35 445
34 95 38 281
35 64 89 181
35 67 98 246
36 55 53 52
36 38 69 34
37 83 27 178
37 70 33 191
38 52 31 390
38 86 74 385
39 67 24 383
39 80 55 66
40 84 43 32
40 81 66 177
41 82 95 465
41 93 60 293
42 65 88 201
42 70 27 235
43 98 55 101
43 65 52 68
44 50 98 43
44 50 94 275
45 98 20 117
45 71 14 109
46 64 18 90
46 84 57 357
47 54 78 360
47 85 89 63
48 83 62 193
48 83 82 63
49 56 75 215
49 60 78 138
50 99 85 414
50 94 92 189
51 97 88 330
51 62 47 341
52 88 27 155
52 76 71 34
53 75 28 249
53 90 94 266
54 83 49 42
54 57 73 453
55 82 73 266
55 81 32 432
56 99 64 325
56 64 11 282
57 68 62 469
57 86 99 32
58 64 34 299
58 98 56 131
59 90 50 84
59 94 11 395
60 97 59 481
60 62 61 120
61 89 42 423
61 70 22 152
62 83 90 105
62 78 42 225
63 84 68 227
63 76 91 90
64 85 66 487
64 97 64 323
65 72 34 98
65 83 93 126
66 71 26 475
66 84 98 120
67 79 71 175
67 85 52 156
68 72 88 325
68 76 40 431
69 94 80 80
69 92 20 147
70 73 64 363
70 77 65 301
71 79 45 228
71 90 25 479
72 94 56 237
72 76 44 329
73 96 34 344
73 74 22 181
74 98 43 57
74 99 59 424
75 77 90 188
75 80 12 302
76 93 13 58
76 79 12 467
77 93 23 251
77 87 11 186
78 92 86 54
78 87 39 360
79 97 67 104
79 80 58 41
80 98 100 431
80 90 25 185
81 94 36 364
81 94 15 426
82 87 58 332
82 91 76 32
83 90 12 249
83 88 37 77
84 91 44 401
84 99 57 145
85 97 40 473
85 98 57 84
86 91 32 262
86 92 15 382
87 95 17 485
87 98 59 329
88 90 83 365
88 96 84 482
89 95 96 401
89 90 42 457
9 10 67 452
7 10 73 90
5 11 73 294
8 11 60 232
11 12 79 175
2 12 24 396
0 13 38 93
1 13 13 433
13 14 92 398
0 14 97 447
4 15 83 297
13 15 90 277
3 16 29 261
3 16 21 349
10 17 32 109
12 17 23 400
11 18 44 348
5 18 91 42
17 19 77 71
2 19 92 242
1 20 22 133
8 20 96 290
19 21 18 493
4 21 59 181
2 22 47 475
7 22 71 246
0 23 39 130
6 23 85 172
1 24 85 244
12 24 46 446
17 25 68 453
1 25 23 451
4 26 100 295
13 26 12 311
4 27 83 140
6 27 28 156
12 28 19 74
18 28 18 247
14 29 12 352
21 29 53 424
19 30 59 286
25 30 34 216
5 31 88 178
10 31 100 166
24 32 27 320
16 32 24 500
23 33 100 334
4 33 47 118
1 34 81 189
3 34 93 185
4 35 91 123
13 35 92 353
35 36 12 438
20 36 36 122
5 37 67 37
16 37 17 63
17 38 32 284
17 38 98 212
3 39 31 397
1 39 34 187
6 40 95 396
14 40 37 111
20 41 19 385
17 41 64 469
19 42 81 310
1 42 44 207
31 43 21 141
41 43 31 199
35 44 27 344
20 44 31 249
22 45 26 147
35 45 92 262
8 46 89 76
11 46 30 469
18 47 47 149
15 47 24 248
35 48 45 279
7 48 64 298
0 49 23 370
35 49 61 429
24 50 29 180
48 50 49 257
9 51 82 250
2 51 20 443
16 52 66 490
37 52 40 51
10 53 60 320
0 53 24 107
2 54 18 119
33 54 55 156
38 55 70 58
38 55 85 32
46 56 63 426
46 56 74 500
35 57 35 458
7 57 46 203
56 58 80 434
33 58 53 401
39 59 41 283
32 59 71 283
4 60 68 441
15 60 80 187
24 61 93 197
45 61 87 479
53 62 96 48
14 62 10 36
43 63 30 422
7 63 98 274
5 64 94 189
17 64 20 143
30 65 41 289
17 65 94 127
26 66 69 478
29 66 94 294
45 67 14 404
28 67 29 283
6 68 91 372
58 68 81 383
64 69 75 476
58 69 100 369
0 70 27 387
32 70 91 250
7 71 98 437
20 71 38 456
30 72 68 439
29 72 41 469
6 73 61 393
12 73 34 37
52 74 93 366
64 74 12 312
41 75 61 389
13 75 40 253
16 76 57 253
11 76 11 190
2 77 90 388
37 77 12 243
40 78 18 461
51 78 76 310
41 79 39 323
0 79 10 215
6 80 61 101
49 80 35 277
22 81 73 483
6 81 87 33
10 82 53 468
9 82 71 399
57 83 56 212
53 83 11 401
45 84 48 60
9 84 33 232
79 85 12 234
51 85 66 83
6 86 21 362
27 86 95 112
45 87 98 204
50 87 42 170
58 88 67 431
65 88 49 418
73 89 49 485
37 89 39 355
1 90 62 278
80 90 83 32
25 91 25 390
87 91 51 278
55 92 85 41
66 92 24 249
23 93 25 237
56 93 72 463
17 94 38 486
58 94 72 36
73 95 91 90
41 95 13 316
53 96 67 339
37 96 22 334
28 97 55 110
30 97 42 263
32 98 86 486
39 98 71 164
56 99 100 297
13 99 67 54
43 76 93 365
89 35 86 157
96 27 90 50
18 36 93 213
60 28 26 344
81 23 33 464
35 96 66 282
97 99 36 278
75 85 71 382
51 45 82 64
22 35 50 451
67 29 97 67
51 55 86 438
35 95 90 83
74 55 16 266
86 88 93 139
28 32 81 393
53 24 10 48
58 93 75 478
4 19 98 474
15 7 13 47
53 40 13 292
88 23 14 215
20 77 37 233
98 0 63 173
40 36 12 122
49 51 63 99
30 15 78 214
51 34 63 128
68 52 45 295
45 25 92 72
95 18 88 190
6 99 13 53
25 38 42 238
77 37 81 214
49 14 44 347
24 78 63 83
18 43 78 351
79 64 95 334
35 51 77 254
59 12 76 157
80 91 61 241
30 71 69 137
10 37 83 384
82 72 17 196
61 26 71 88
60 41 38 118
48 51 58 425
43 30 33 200
94 29 94 392
51 54 80 75
30 97 32 70
27 81 11 316
34 56 58 311
13 26 57 94
80 62 74 182
31 5 23 468
72 84 37 205
12 78 65 307
52 88 20 111
27 45 53 450
93 71 83 433
52 90 82 222
33 50 81 393
6 12 35 204
87 90 69 252
28 35 76 255
85 92 41 213
51 93 33 234
96 55 33 483
41 18 63 324
76 97 93 312
43 82 29 270
84 73 24 134
96 84 41 135
38 25 46 166
85 61 88 346
92 81 91 495
13 61 61 341
26 99 68 370
46 51 73 358
42 18 29 126
64 34 47 288
1 39 69 97
78 18 88 235
3 95 26 391
36 65 81 415
8 42 56 115
3 63 11 443
20 88 97 271
33 11 30 355
91 35 54 307
47 19 71 305
95 84 54 400
22 92 56 247
44 31 71 488
75 0 83 209
13 26 76 213
20 66 35 177
98 54 17 417
48 44 40 72
39 36 14 399
55 94 22 434
82 74 17 311
59 98 46 100
56 16 97 151
86 81 64 69
68 31 57 98
6 40 21 248
86 68 49 115
39 43 94 33
24 98 100 327
48 27 21 58
75 4 93 328
65 52 65 116
96 76 53 124
38 97 50 83
86 55 65 442
18 0 55 366
19 78 69 97
54 95 11 55
80 90 75 300
79 48 40 369
96 31 57 318
30 97 33 272
84 23 89 149
67 47 23 219
24 6 43 281
71 5 46 237
24 90 12 56
30 43 84 175
52 76 72 233
69 43 75 403
11 74 45 33
32 60 54 250
49 52 65 439
84 72 24 377
92 0 64 265
41 0 32 131
91 57 98 343
34 56 50 426
40 24 95 453
30 29 37 460
79 90 50 432
89 88 18 91
75 67 44 331
20 58 45 88
84 8 54 363
72 8 97 220
79 57 78 464
11 26 97 78
38 76 82 154
56 1 23 484
64 3 51 202
0 95 81 109
36 6 62 309
24 74 73 273
83 22 42 356
92 54 35 428
85 58 74 179
78 87 56 377
66 68 78 496
28 94 87 74
57 38 51 172
51 90 40 330
44 5 66 288
72 28 10 425
26 29 62 190
18 68 95 354
88 62 35 390
30 49 74 275
28 12 97 309
87 72 92 150
92 81 89 113
74 55 36 469
11 57 39 53
92 21 49 283
39 72 85 92
59 52 27 419
88 93 70 423
35 67 14 315
42 1 29 483
22 32 95 329
79 3 91 198
74 5 59 283
67 80 35 296
5 90 53 274
30 83 67 337
72 50 76 75
96 25 84 316
30 15 98 358
29 99 86 227
59 33 91 432
96 70 37 458
54 94 55 436
59 49 56 214
84 52 86 256
24 59 53 50
12 69 55 192
25 18 37 323
18 34 20 439
10 68 61 49
63 26 21 226
73 85 10 224
68 94 76 80
41 62 60 373
63 43 20 93
81 76 91 365
31 71 78 444
52 28 61 87
63 48 56 136
37 79 100 432
49 61 33 84
84 87 39 85
9 77 71 292
19 59 47 480
99 30 31 345
65 36 29 40
23 90 21 192
10 27 60 116
53 90 53 191
40 23 27 145
69 57 98 175
42 99 88 52
81 7 13 165
47 50 42 280
72 60 20 438
56 70 51 363
43 61 89 427
5 74 78 206
36 57 41 134
14 51 74 455
19 63 88 230
39 32 41 213
66 33 55 260
20 77 36 161
79 40 100 175
36 42 49 115
86 5 57 84
48 28 93 312
14 55 99 303
46 20 24 452
59 58 53 394
26 28 42 255
11 40 66 385
48 38 91 441
90 12 82 482
21 75 93 405
75 81 60 34
0 27 93 389
35 21 68 439
90 56 65 399
39 84 48 489
14 60 54 214
85 74 41 233
82 16 37 46
17 28 40 268
21 1 31 273
0 43 76 369
61 6 65 104
18 93 20 32
89 36 27 262
90 12 39 185
60 43 79 161
71 22 66 51
61 30 74 389
87 67 48 351
83 74 25 190
12 4 43 243
62 55 51 293
57 63 28 383
96 77 94 406
90 15 30 398
97 54 15 467
44 98 19 479
42 49 33 88
50 61 11 95
79 26 40 358
91 63 81 40
96 6 44 451
78 73 53 249
97 95 23 75
49 34 80 67
19 15 39 39
12 53 78 408
12 5 44 406
42 95 77 435
99 43 84 398
40 19 59 295
5 60 86 449
77 42 59 35
47 38 65 33
8 85 75 397
10 72 44 478
18 6 70 103
75 48 55 166
18 54 86 139
61 51 29 325
76 43 54 313
69 99 61 211
71 89 28 324
7 4 38 446
63 49 84 314
2 33 44 72
68 35 67 385
97 9 58 177
33 87 14 451
27 90 62 493
36 37 58 330
30 59 91 138
96 87 33 395
16 40 59 213
46 52 25 199
8 91 26 317
53 74 82 31
14 74 43 263
28 61 23 294
99 79 60 211
76 34 76 52
78 13 43 196
59 66 47 199
2 82 44 481
54 73 70 311
13 2 76 454
3 20 41 58
46 64 18 348
75 64 87 249
9 80 35 234
37 11 27 245
98 0 35 490
99 20 53 321
78 69 58 95
64 84 51 406
92 58 75 153
74 39 71 281
36 70 86 490
0 41 89 353
9 17 38 165
3 28 74 309
73 72 73 421
71 23 33 350
44 39 15 400
7 53 83 191
56 93 31 300
62 14 25 95
91 1 16 386
38 78 19 258
56 94 77 456
77 94 17 371
68 26 87 313
69 25 17 214
56 17 68 246
99 63 99 390
16 56 94 215
34 74 44 383
84 71 93 194
59 10 57 111
88 98 28 206
38 59 99 454
88 43 26 362
2 15 54 368
16 36 27 225
28 4 52 424
75 25 62 233
60 54 18 128
4 32 72 288
94 71 87 140
27 10 39 175
10 96 78 341
84 20 65 194
19 82 29 72
67 14 59 447
80 77 69 238
0 63 23 289
73 26 55 284
48 6 82 169
92 56 41 402
14 80 80 490
96 1 69 477
60 27 86 127
80 26 55 475
91 77 80 99
60 52 50 441
89 28 33 373
64 55 71 99
44 36 59 112
12 6 28 267
92 88 43 184
81 78 24 463
82 3 81 235
95 37 20 249
22 61 35 127
83 22 16 484
25 76 13 82
45 70 75 185
63 35 42 55
83 1 63 297
52 40 90 120
15 83 30 120
88 38 45 283
2 38 18 260
21 54 81 345
32 76 47 66
36 65 67 311
51 31 12 148
67 44 52 171
6 53 26 207
83 14 33 175
75 48 98 86
61 84 13 418
86 89 25 438
54 0 60 137
18 29 58 355
94 92 58 180
34 32 22 330
50 61 12 280
28 95 19 302
25 30 20 408
60 40 53 479
48 28 48 167
83 38 39 156
56 13 11 290
1 19 52 440
64 40 73 55
58 56 30 341
78 86 71 313
98 25 60 466
28 83 26 260
43 82 67 339
57 96 71 432
94 87 75 79
56 6 11 306
93 30 21 144
79 95 30 101
29 95 60 310
44 61 36 260
13 31 64 352
96 5 86 72
29 40 76 115
31 2 26 233
