100 800
0 97 32 376
0 12 86 55
1 15 67 304
1 33 42 321
2 92 96 444
2 85 54 303
3 92 37 270
3 48 74 330
4 8 58 408
4 5 45 236
5 71 75 161
5 88 51 375
6 25 33 225
6 7 22 385
7 55 12 326
7 82 45 158
8 65 13 131
8 76 72 417
9 51 42 179
9 81 33 318
10 61 94 79
10 64 82 61
11 96 44 302
11 69 80 54
12 41 90 268
12 73 24 123
13 14 13 342
13 85 76 234
14 36 47 420
14 95 50 451
15 33 73 235
15 93 44 465
16 72 51 200
16 45 88 277
17 57 43 46
17 27 89 455
18 32 99 339
18 82 63 122
19 52 20 452
19 50 20 360
20 76 90 411
20 32 91 281
21 48 67 240
21 66 48 152
22 91 17 351
22 72 68 470
23 46 67 156
23 43 59 121
24 67 61 473
24 76 33 311
25 92 24 206
25 85 89 179
26 81 35 378
26 70 32 213
27 30 37 422
27 54 40 315
28 79 74 284
28 47 30 86
29 54 13 295
29 90 37 273
30 53 40 31
30 85 43 134
31 40 64 80
31 75 21 43
32 36 74 130
32 93 67 269
33 46 76 478
33 81 25 476
34 59 23 497
34 78 61 458
35 38 92 180
35 96 79 350
36 46 27 286
36 83 88 226
37 83 16 370
37 82 60 85
38 75 33 314
38 91 51 30
39 98 71 56
39 58 22 410
40 66 85 169
40 56 54 32
41 45 17 294
41 52 46 381
42 86 58 495
42 92 92 122
43 86 73 157
43 49 86 32
44 72 21 201
44 59 96 214
45 47 93 120
45 99 84 195
46 94 55 298
46 74 76 73
47 89 89 109
47 88 71 449
48 56 82 381
48 72 41 491
49 50 88 189
49 91 50 464
50 89 66 401
50 72 37 155
51 56 29 260
51 91 54 127
52 76 67 264
52 98 67 38
53 96 99 319
53 70 94 260
54 66 53 407
54 86 75 64
55 73 81 51
55 62 47 226
56 75 41 280
56 91 60 93
57 60 58 274
57 61 84 347
58 76 81 415
58 90 93 279
59 69 10 279
59 89 11 402
60 81 83 286
60 62 75 185
61 78 66 129
61 65 36 174
62 87 36 53
62 65 70 131
63 81 48 138
63 82 80 277
64 91 42 448
64 68 46 34
65 85 31 348
65 87 23 333
66 97 21 185
66 89 87 215
67 77 42 365
67 75 87 473
68 89 16 52
68 74 49 351
69 88 13 201
69 96 49 68
70 85 28 348
70 95 12 100
71 96 46 124
71 93 29 483
72 75 20 115
72 77 53 125
73 96 78 156
73 89 25 198
74 76 77 267
74 76 84 42
75 94 23 149
75 85 96 179
76 82 23 69
76 81 44 152
77 98 31 61
77 86 27 367
78 87 62 316
78 83 81 160
79 83 84 294
79 98 99 463
80 93 21 178
80 92 82 259
81 86 51 445
81 86 44 108
82 99 70 211
82 97 44 343
83 84 48 270
83 87 85 433
84 99 60 30
84 96 37 318
85 94 74 431
85 93 22 336
86 95 72 500
86 97 50 469
87 99 77 163
87 94 80 495
88 92 92 46
88 93 58 39
89 94 14 178
89 91 51 182
5 10 94 175
6 10 62 175
9 11 56 304
3 11 58 189
0 12 54 295
1 12 80 101
2 13 26 306
1 13 82 474
13 14 45 285
1 14 76 375
13 15 40 227
0 15 24 366
15 16 15 382
8 16 82 42
16 17 45 180
0 17 58 93
5 18 26 162
0 18 53 114
8 19 54 431
13 19 64 74
9 20 82 292
8 20 61 51
11 21 78 72
4 21 83 83
19 22 57 260
19 22 73 285
7 23 23 350
21 23 20 463
11 24 85 35
6 24 50 169
0 25 39 98
19 25 26 227
5 26 22 270
19 26 19 34
19 27 32 409
11 27 39 137
19 28 80 256
16 28 75 446
5 29 41 192
15 29 47 304
11 30 79 298
17 30 72 204
1 31 84 126
28 31 65 450
13 32 74 241
29 32 20 290
1 33 53 284
4 33 55 370
11 34 63 107
3 34 50 494
13 35 25 53
34 35 50 251
27 36 86 295
4 36 66 332
29 37 63 443
29 37 99 214
8 38 38 82
33 38 100 291
38 39 81 328
32 39 94 380
37 40 57 430
36 40 79 403
3 41 20 196
28 41 40 272
27 42 67 320
3 42 37 430
13 43 10 438
25 43 99 330
12 44 90 241
36 44 89 191
15 45 29 322
41 45 87 186
7 46 43 202
34 46 81 57
25 47 16 202
33 47 48 254
38 48 10 234
17 48 30 41
6 49 56 119
26 49 85 169
5 50 23 489
41 50 77 127
41 51 47 298
33 51 95 189
6 52 64 426
37 52 30 241
50 53 32 41
45 53 52 215
5 54 53 89
33 54 65 372
35 55 65 54
41 55 91 289
28 56 41 150
54 56 26 212
52 57 32 462
51 57 96 88
41 58 38 383
26 58 32 106
15 59 93 469
56 59 30 246
0 60 28 454
16 60 59 62
1 61 59 240
41 61 42 156
43 62 20 72
20 62 87 282
56 63 21 83
40 63 96 60
45 64 57 473
20 64 69 41
3 65 53 278
26 65 16 117
44 66 59 106
9 66 25 400
41 67 57 89
57 67 22 409
41 68 10 273
55 68 59 378
53 69 69 407
21 69 24 100
4 70 64 180
68 70 67 202
9 71 68 187
45 71 40 304
9 72 39 96
71 72 47 160
16 73 31 222
35 73 21 169
65 74 33 142
15 74 45 500
53 75 54 146
60 75 75 215
44 76 46 421
10 76 47 226
28 77 54 295
43 77 84 31
13 78 95 156
24 78 64 174
3 79 65 113
18 79 13 472
24 80 54 456
40 80 13 416
45 81 71 95
38 81 62 191
70 82 54 484
50 82 57 324
77 83 21 73
71 83 64 394
71 84 35 221
78 84 78 170
21 85 18 138
34 85 30 446
65 86 40 422
68 86 62 183
13 87 68 442
22 87 36 364
61 88 72 463
27 88 90 427
60 89 52 100
17 89 59 488
47 90 39 121
68 90 70 57
3 91 34 380
38 91 20 216
87 92 38 192
43 92 77 216
36 93 42 123
12 93 33 258
71 94 67 210
20 94 93 336
59 95 13 436
91 95 82 138
82 96 68 374
33 96 32 140
32 97 45 214
10 97 75 57
56 98 71 198
63 98 71 165
22 99 49 292
16 99 55 40
52 6 73 263
9 62 11 440
14 80 31 472
14 72 72 392
67 43 66 359
97 9 100 448
9 80 33 400
77 28 99 69
66 9 61 496
91 96 16 349
48 91 95 446
75 55 50 412
29 92 67 35
39 82 70 78
26 14 33 276
66 46 32 212
58 95 77 39
36 78 45 82
90 96 63 476
39 26 56 231
30 91 16 60
50 77 53 55
45 30 63 181
45 58 54 276
14 36 20 49
33 67 98 357
0 72 62 158
74 84 93 84
88 90 38 414
84 57 87 241
30 88 53 191
11 28 65 411
3 52 63 433
71 99 95 145
9 1 90 490
37 29 43 173
92 29 91 158
32 45 30 239
43 32 96 48
62 19 46 131
74 82 60 90
50 69 12 415
82 89 19 473
87 32 87 472
8 76 72 219
38 63 56 201
54 19 79 181
70 16 24 468
91 49 79 199
17 59 14 213
50 15 17 295
3 49 62 304
26 79 49 419
99 58 42 217
24 16 17 303
29 77 88 99
9 62 22 352
27 65 45 40
13 38 71 437
5 72 84 219
48 41 20 340
15 50 99 237
42 90 58 135
80 33 81 192
50 56 30 290
26 62 32 291
4 7 52 178
76 21 88 408
57 41 63 465
43 66 63 350
12 21 18 152
90 76 41 365
52 81 74 487
99 75 98 269
64 10 47 72
54 73 82 50
2 31 64 31
13 56 47 97
13 25 56 320
30 24 72 207
42 8 87 174
82 49 60 337
50 26 66 367
21 88 63 139
1 86 45 286
30 27 13 33
34 13 67 190
80 66 63 160
84 65 24 324
19 67 31 138
41 68 42 219
98 45 45 329
29 9 63 184
66 5 38 366
11 28 12 202
76 47 68 333
3 99 45 429
58 7 83 210
96 83 22 391
89 58 53 417
58 49 91 447
79 60 37 458
12 83 54 444
53 43 11 168
87 23 77 316
13 7 99 392
34 42 15 48
63 25 42 490
73 82 69 219
37 13 14 212
70 95 61 345
65 68 46 122
32 12 91 414
23 3 71 363
19 24 21 335
1 72 68 105
45 2 97 180
53 95 63 474
93 70 54 348
85 74 21 374
35 36 72 161
66 50 26 275
77 59 91 465
3 21 50 296
61 77 86 408
62 80 30 458
93 39 38 404
78 84 10 347
70 13 26 403
2 87 73 104
93 36 42 493
19 18 14 93
15 72 66 456
2 60 31 284
92 7 26 389
29 92 92 275
25 26 11 376
65 90 27 172
68 67 12 329
16 47 37 72
87 85 11 500
79 31 35 367
25 72 76 338
23 72 46 437
48 80 79 89
28 82 98 127
73 97 30 89
62 2 18 493
88 59 59 174
43 18 84 90
21 22 92 205
80 67 25 365
50 12 30 84
82 96 61 461
34 52 64 320
58 91 65 447
55 85 10 425
22 12 48 187
7 99 83 134
98 27 18 139
42 53 82 406
91 13 35 73
34 62 58 416
31 28 30 58
67 95 38 251
6 14 96 321
93 24 14 487
91 9 24 281
20 91 21 347
13 70 69 183
25 64 15 335
31 1 64 358
9 90 24 230
63 31 87 486
15 68 63 254
17 8 66 377
44 3 43 308
49 7 67 386
48 83 12 39
82 78 45 382
55 42 42 195
78 53 60 463
71 13 95 420
91 13 15 90
14 66 38 334
37 77 78 414
54 97 73 261
14 68 30 282
84 61 77 478
43 44 25 451
36 82 44 326
38 35 36 166
77 59 54 132
10 52 52 451
56 54 34 198
26 90 84 348
86 90 38 342
87 96 46 151
5 1 91 59
8 50 74 348
43 94 39 230
54 52 24 362
11 49 44 434
82 16 55 122
63 64 23 53
97 80 20 111
11 17 12 151
51 77 51 97
87 28 25 109
14 43 43 465
4 19 26 473
82 61 44 205
7 16 28 371
24 21 39 432
54 37 32 68
3 41 22 284
7 69 74 185
29 70 29 303
18 43 62 227
92 67 92 451
27 43 65 418
13 7 87 61
48 88 86 32
18 23 35 438
27 9 59 214
36 27 61 101
23 62 62 284
38 30 54 110
81 98 84 255
84 17 82 234
91 85 65 69
49 59 90 473
45 13 47 424
72 53 83 397
74 42 58 198
26 23 49 121
17 49 41 131
80 78 90 187
74 72 86 313
83 55 26 201
20 59 15 182
58 39 10 360
70 34 80 263
84 91 81 86
43 93 44 399
22 87 40 461
0 54 28 358
34 55 27 422
52 36 59 127
53 28 83 113
68 52 34 257
87 43 24 388
49 98 22 305
12 91 59 330
74 56 94 218
11 86 86 258
68 98 92 296
52 93 52 485
72 80 65 79
48 8 85 343
62 3 13 63
46 17 39 350
33 27 14 198
50 42 43 214
32 97 48 393
29 92 31 196
26 77 87 322
23 28 90 98
8 80 51 40
69 50 28 176
39 48 86 175
62 51 11 344
74 54 77 448
88 91 79 305
26 45 44 57
52 92 34 333
36 61 35 45
5 47 59 163
66 69 49 319
69 19 93 353
98 39 93 318
93 58 19 36
72 94 29 70
69 55 13 61
24 67 95 78
87 54 57 268
93 57 29 93
39 2 77 332
20 36 70 230
44 31 23 124
70 87 45 447
31 16 56 106
75 73 29 456
91 67 85 148
64 4 71 451
27 24 97 315
66 73 58 200
64 75 77 279
81 60 14 295
96 59 96 267
37 34 71 454
18 78 72 285
84 17 58 225
95 15 81 347
7 4 32 355
43 53 65 493
32 75 42 156
27 20 57 399
34 65 79 334
38 81 73 298
70 44 26 322
77 44 75 386
49 0 33 404
87 51 92 320
15 90 74 182
85 26 83 284
14 1 11 166
97 67 74 409
52 19 51 305
66 13 58 492
69 20 80 346
44 10 49 270
25 80 39 36
96 54 67 269
61 30 12 357
98 7 34 364
28 39 63 106
2 4 91 67
24 22 17 240
86 23 24 112
84 96 16 386
59 79 78 39
96 2 96 54
44 89 42 489
73 12 97 433
84 25 22 100
12 10 10 179
14 73 27 403
14 58 55 469
66 12 23 280
99 72 56 444
44 5 49 427
28 66 95 429
94 57 30 129
70 34 15 373
17 43 59 139
99 97 31 252
63 8 26 229
15 96 25 91
22 0 12 41
3 29 100 381
8 31 74 82
77 95 29 117
34 84 83 339
50 11 37 229
15 29 73 440
47 16 57 440
26 67 60 412
86 83 73 438
43 95 85 175
95 4 100 48
45 13 65 481
85 54 76 382
27 32 42 70
8 63 24 478
40 28 82 214
77 52 35 184
81 57 92 333
97 4 72 91
75 62 49 153
39 76 40 316
16 55 55 68
77 29 68 293
32 62 42 238
12 45 82 360
91 30 78 89
68 83 27 114
50 93 58 422
38 95 74 260
74 34 12 209
54 14 16 485
13 99 40 99
97 24 23 311
7 87 38 334
53 96 62 343
16 33 79 484
85 48 52 243
99 8 10 429
27 10 93 288
23 61 20 32
38 79 61 220
24 92 40 325
12 17 81 182
87 5 10 159
8 91 63 383
86 68 51 172
54 53 81 356
54 95 45 204
97 80 55 351
94 85 22 218
53 65 38 396
3 63 51 63
73 74 21 182
94 39 57 212
46 8 100 417
36 19 21 451
35 95 11 79
64 82 89 476
69 80 83 410
69 89 36 51
85 54 59 466
11 17 39 377
40 48 94 120
65 96 79 498
84 33 92 157
63 7 34 416
89 27 30 129
81 2 22 142
58 55 96 348
11 80 79 195
57 67 68 361
67 79 68 328
37 51 26 41
84 92 89 218
82 88 98 144
81 59 73 272
4 31 24 288
63 0 14 177
31 33 60 399
39 88 52 59
53 5 50 498
64 63 98 117
48 4 88 87
71 28 20 338
11 67 97 454
25 86 97 150
96 89 37 123
68 48 60 301
30 37 17 478
17 98 49 277
