100 800
0 37 49 409
0 71 39 308
1 41 50 219
1 27 99 464
2 59 77 253
2 32 37 137
3 13 82 132
3 25 61 237
4 68 11 378
4 34 56 266
5 24 39 366
5 33 80 485
6 84 56 137
6 25 55 228
7 68 90 111
7 64 27 211
8 33 24 304
8 15 44 66
9 56 43 58
9 13 88 283
10 22 79 79
10 15 71 238
11 25 74 286
11 41 19 227
12 19 53 377
12 77 41 478
13 84 40 299
13 33 84 161
14 99 59 359
14 54 76 348
15 59 98 500
15 30 92 484
16 43 16 426
16 54 54 72
17 97 32 297
17 20 47 170
18 59 88 195
18 36 88 101
19 87 66 322
19 39 56 326
20 71 82 285
20 23 13 71
21 44 75 283
21 91 78 379
22 74 21 469
22 64 29 298
23 83 15 425
23 89 53 431
24 59 77 102
24 72 15 93
25 69 21 113
25 43 68 313
26 44 28 77
26 74 32 332
27 41 44 209
27 70 81 320
28 37 32 113
28 70 14 488
29 36 13 431
29 68 73 419
30 58 97 444
30 39 79 39
31 46 23 169
31 81 89 55
32 74 68 126
32 69 26 490
33 74 51 123
33 46 65 401
34 78 14 433
34 94 60 209
35 69 13 304
35 54 98 210
36 97 63 33
36 74 96 224
37 86 50 62
37 48 50 148
38 69 43 404
38 71 32 472
39 88 67 238
39 67 27 467
40 60 19 428
40 79 97 39
41 64 46 222
41 53 57 409
42 59 97 111
42 73 88 36
43 76 50 167
43 75 22 139
44 55 35 106
44 54 68 383
45 46 31 84
45 53 42 368
46 87 15 309
46 94 17 392
47 66 70 290
47 62 19 398
48 94 21 262
48 98 19 346
49 75 82 254
49 78 18 77
50 69 90 261
50 95 23 488
51 70 38 150
51 83 77 267
52 72 43 187
52 80 91 122
53 81 28 445
53 99 17 138
54 71 10 237
54 69 55 487
55 85 59 42
55 87 31 56
56 97 20 427
56 71 42 456
57 63 23 245
57 62 57 165
58 79 27 209
58 60 91 383
59 99 82 163
59 75 66 120
60 97 93 387
60 88 86 296
61 82 57 470
61 84 62 263
62 72 72 98
62 81 92 303
63 87 82 256
63 79 15 393
64 72 19 262
64 93 67 418
65 88 79 224
65 78 82 210
66 99 56 374
66 77 58 310
67 83 11 279
67 87 90 372
68 69 46 136
68 93 45 263
69 71 79 113
69 84 36 91
70 93 23 446
70 98 89 404
71 95 10 168
71 73 76 353
72 83 91 473
72 87 77 330
73 93 91 73
73 81 79 435
74 99 86 201
74 98 79 174
75 97 42 46
75 82 68 217
76 95 56 377
76 94 95 363
77 84 74 104
77 94 55 122
78 93 68 114
78 86 17 411
79 91 38 463
79 95 52 268
80 85 65 297
80 97 51 240
81 89 64 123
81 89 36 123
82 99 32 108
82 84 84 121
83 91 46 171
83 97 46 491
84 88 22 91
84 87 85 360
85 87 42 295
85 88 30 389
86 91 32 298
86 99 83 221
87 92 94 164
87 96 51 428
88 94 100 227
88 99 34 472
89 97 45 407
89 97 25 141
6 10 27 348
4 10 43 490
2 11 83 249
4 11 58 280
11 12 47 439
10 12 62 55
8 13 36 410
1 13 62 147
4 14 25 142
0 14 72 444
3 15 76 397
0 15 63 495
1 16 56 458
12 16 76 411
8 17 47 39
6 17 84 169
6 18 56 343
8 18 44 37
11 19 17 155
8 19 15 454
8 20 42 178
1 20 16 330
18 21 25 297
19 21 16 261
21 22 12 375
8 22 64 324
2 23 40 82
1 23 63 227
18 24 52 151
23 24 78 49
6 25 19 295
10 25 39 114
13 26 80 263
24 26 79 167
0 27 56 396
24 27 63 276
18 28 77 345
15 28 88 190
23 29 89 397
28 29 55 325
8 30 31 261
27 30 69 418
19 31 11 242
30 31 60 99
19 32 37 307
31 32 97 392
10 33 10 291
19 33 77 276
14 34 11 132
16 34 47 274
22 35 87 148
27 35 75 451
5 36 28 234
5 36 13 224
19 37 52 301
2 37 88 297
0 38 36 403
20 38 43 495
36 39 30 253
26 39 85 36
33 40 42 432
1 40 69 175
11 41 91 336
30 41 80 481
2 42 79 148
36 42 48 156
21 43 50 337
34 43 86 76
36 44 25 128
12 44 75 48
1 45 74 411
44 45 21 93
18 46 21 101
34 46 10 122
17 47 76 426
23 47 95 126
24 48 99 345
38 48 12 433
13 49 57 321
2 49 14 342
31 50 11 486
21 50 31 403
12 51 40 220
29 51 75 120
23 52 76 288
22 52 59 420
0 53 91 415
52 53 40 264
0 54 87 216
50 54 44 91
30 55 27 444
50 55 75 79
1 56 17 432
14 56 79 181
19 57 99 384
34 57 19 485
28 58 100 397
4 58 87 286
26 59 67 418
25 59 43 357
46 60 33 298
31 60 66 64
53 61 11 362
28 61 63 269
12 62 91 372
38 62 14 251
0 63 29 358
46 63 73 380
8 64 22 51
22 64 47 88
15 65 63 341
0 65 88 154
28 66 88 244
32 66 51 333
53 67 34 291
47 67 54 414
65 68 31 329
66 68 79 427
27 69 74 391
57 69 26 87
49 70 55 348
66 70 90 455
48 71 33 82
28 71 77 109
53 72 88 486
4 72 48 282
7 73 21 480
7 73 58 89
61 74 95 483
22 74 15 47
67 75 73 306
71 75 18 246
71 76 81 141
51 76 75 250
64 77 72 331
68 77 70 405
32 78 41 331
37 78 22 104
63 79 25 465
9 79 82 332
46 80 47 156
43 80 93 253
59 81 100 475
33 81 20 358
4 82 83 172
72 82 88 45
7 83 39 362
12 83 79 101
70 84 85 84
61 84 62 85
18 85 59 229
24 85 87 435
27 86 46 66
60 86 67 274
46 87 72 347
23 87 39 138
10 88 38 184
80 88 76 321
47 89 68 439
50 89 85 264
32 90 22 457
75 90 88 205
19 91 94 170
32 91 49 238
29 92 77 388
24 92 91 352
57 93 54 372
4 93 59 369
34 94 14 424
12 94 75 89
34 95 22 141
52 95 90 111
67 96 15 38
21 96 28 472
84 97 77 120
73 97 18 386
84 98 55 164
72 98 34 140
96 99 47 440
43 99 33 181
39 88 100 403
13 28 16 120
61 36 92 416
2 85 38 405
31 29 64 61
68 51 24 489
8 0 80 165
11 88 23 138
47 50 20 173
15 87 33 144
88 90 50 319
56 32 43 327
19 29 33 297
46 7 65 478
45 84 40 404
99 34 14 55
77 9 64 156
34 12 12 338
75 31 12 284
34 56 55 480
82 88 67 124
28 66 57 419
60 31 61 490
99 89 46 440
60 78 50 227
23 47 31 294
11 28 13 496
86 87 50 369
46 75 100 167
35 99 43 155
0 53 35 83
45 67 75 189
39 28 88 377
39 21 27 102
9 75 64 486
97 86 76 215
60 14 79 200
82 54 19 452
77 15 26 157
95 13 78 181
43 28 68 408
28 45 99 37
22 71 100 143
22 68 79 197
90 22 20 445
62 65 99 188
73 47 11 267
87 74 93 150
86 37 59 207
4 8 42 487
34 93 36 146
21 89 93 333
69 38 67 407
52 38 56 176
17 61 71 248
94 99 75 144
22 7 26 128
65 38 80 240
41 97 57 40
54 11 64 83
28 47 85 120
73 45 86 251
94 17 53 181
0 88 78 406
71 19 81 181
75 65 70 481
12 86 96 320
27 77 70 231
15 24 21 323
67 80 82 104
18 80 99 170
95 15 26 218
3 0 62 166
15 54 66 259
60 88 99 360
84 92 64 220
25 45 30 131
9 35 44 375
5 91 18 185
74 2 74 458
49 92 95 459
38 90 53 316
25 71 75 236
88 14 82 355
50 29 75 333
53 47 66 427
40 74 17 248
27 97 57 450
12 55 71 491
66 2 25 432
82 58 64 368
73 86 34 365
91 20 61 59
41 65 12 420
38 68 40 396
34 59 88 421
10 49 55 459
31 44 99 488
4 44 77 160
79 44 78 260
67 32 93 320
28 60 46 158
40 42 56 462
86 95 47 43
10 38 49 198
46 29 22 403
85 74 23 194
20 31 63 307
29 36 15 293
10 68 46 351
78 19 62 431
17 69 91 434
27 83 93 193
96 10 47 300
10 97 43 377
85 4 94 373
59 71 71 352
41 38 77 335
48 63 22 109
85 28 81 454
2 52 52 275
65 71 93 81
8 71 37 133
4 39 85 328
9 84 69 354
73 90 22 496
0 88 24 453
11 42 16 267
56 0 88 222
50 49 85 422
50 40 77 222
81 79 47 472
82 22 32 126
33 66 17 277
39 58 23 263
23 67 48 468
68 95 43 285
15 54 77 155
13 49 76 282
40 95 87 86
64 37 41 417
4 44 46 318
13 57 84 229
5 91 29 224
34 29 33 308
45 51 51 442
13 73 38 34
97 73 42 277
14 46 29 152
56 45 77 41
82 44 43 490
41 66 21 69
20 50 22 208
48 95 90 130
83 49 44 38
48 29 68 371
39 52 17 351
70 0 48 436
96 47 59 51
69 79 57 428
72 81 20 426
12 72 100 122
6 53 36 119
52 96 82 210
77 25 37 140
40 92 93 409
9 23 60 221
41 22 97 222
1 21 39 265
26 66 65 112
86 62 16 66
35 71 98 390
94 7 92 167
95 1 32 188
88 3 90 74
73 13 12 31
1 59 75 81
39 50 53 65
39 49 51 314
73 63 49 54
22 76 89 187
70 67 25 441
32 72 68 168
18 91 49 168
88 1 80 247
5 82 19 234
51 44 45 470
16 27 92 426
98 3 51 418
17 93 44 382
48 82 92 68
77 95 95 148
41 87 17 267
77 30 14 252
13 31 33 349
3 34 25 312
14 73 51 356
36 97 35 369
6 71 83 95
42 89 38 472
64 62 48 42
52 26 11 123
69 91 29 81
27 10 64 262
61 43 50 248
89 79 37 426
48 97 69 41
11 21 57 493
54 92 27 409
68 78 82 66
97 90 56 454
77 61 45 424
3 33 58 444
34 66 39 55
11 69 56 122
62 23 77 203
32 36 46 70
63 33 11 232
50 28 19 468
49 18 15 457
94 60 42 144
5 38 28 488
55 49 42 42
9 81 39 424
94 42 34 39
50 43 14 90
24 95 19 471
88 0 63 210
4 93 48 321
30 4 96 316
84 92 71 55
61 81 14 347
61 28 90 316
76 9 65 276
90 70 74 387
48 80 41 102
60 19 66 214
97 27 96 396
34 35 38 369
33 35 70 440
88 15 98 341
43 79 67 244
35 84 36 259
85 92 43 176
87 27 61 392
8 95 16 233
52 43 78 102
2 17 42 457
18 10 12 60
20 84 34 275
68 57 75 217
27 35 96 191
18 0 73 109
25 95 13 166
78 40 55 100
15 19 71 326
14 76 56 159
82 9 36 186
8 21 68 483
75 42 12 196
47 97 85 203
17 22 98 55
24 60 10 372
86 82 53 500
67 99 30 359
31 99 78 341
85 95 51 94
59 86 84 389
84 7 23 81
11 45 34 352
24 60 70 467
63 11 16 170
87 62 62 205
36 91 70 493
33 67 43 234
69 55 41 296
0 62 52 277
2 9 99 498
98 65 100 399
87 81 35 148
35 78 35 122
68 43 78 135
19 80 63 282
51 52 70 168
50 23 100 233
89 99 40 330
53 58 28 326
7 29 72 95
48 74 11 374
41 25 90 165
79 58 40 94
50 48 50 190
0 56 72 138
17 1 85 211
10 46 83 361
68 69 84 59
60 74 62 186
88 91 58 295
97 78 62 179
4 76 32 435
94 23 94 297
32 30 83 450
40 97 15 235
35 89 58 348
0 32 12 397
10 1 55 292
41 44 90 400
34 38 98 34
1 89 66 125
47 42 70 233
34 33 59 390
79 29 60 142
64 54 64 470
28 41 89 335
78 40 97 437
47 32 98 215
13 15 77 169
79 99 76 351
18 61 48 301
32 48 11 330
36 46 21 424
0 76 52 119
65 26 40 101
94 60 55 413
54 83 78 271
94 78 40 67
80 69 84 443
45 49 94 485
91 80 11 368
56 32 19 256
81 71 73 336
1 78 64 35
92 18 50 137
87 66 67 244
42 22 95 467
57 81 46 316
83 70 41 200
48 15 66 323
30 58 43 181
46 69 74 396
63 72 74 79
44 1 40 209
74 29 33 114
65 32 28 121
13 67 99 186
19 98 97 262
2 52 52 275
68 43 75 483
27 53 57 99
46 1 37 462
2 43 67 348
25 75 26 47
74 89 42 62
57 3 32 469
96 54 70 45
48 94 65 137
49 50 59 54
45 27 79 434
93 76 100 450
96 25 75 259
40 11 52 403
49 67 33 486
65 17 31 159
21 65 73 224
86 38 99 220
27 5 50 479
27 39 12 255
2 39 85 179
26 22 90 166
28 19 29 86
77 56 47 479
45 93 61 362
75 30 35 106
14 50 58 483
71 21 22 134
48 32 92 348
11 91 45 315
64 10 89 432
89 54 27 200
86 64 60 165
7 32 38 310
61 25 98 359
56 39 40 52
17 13 62 433
21 72 61 480
60 63 85 212
98 85 51 95
40 67 44 145
19 5 52 234
61 20 38 394
95 98 20 137
58 95 92 176
35 8 57 168
68 89 15 223
40 70 89 97
62 97 36 145
50 32 78 207
38 2 74 310
30 43 40 254
42 47 95 112
5 20 12 32
54 19 11 331
66 79 85 256
45 15 23 442
52 30 26 497
69 21 81 343
23 5 32 131
79 75 73 163
48 10 20 297
97 75 98 316
0 28 82 335
46 97 62 78
70 92 10 335
69 10 21 359
37 42 17 482
58 86 26 447
20 36 31 386
93 81 66 344
13 92 63 297
75 52 81 39
52 71 66 259
63 23 52 470
10 49 23 295
92 27 98 492
73 40 53 144
17 1 40 53
66 29 64 406
96 79 46 86
67 0 65 152
89 24 91 468
35 56 20 139
79 88 37 205
42 43 69 409
29 69 70 75
41 81 41 499
31 33 70 480
32 16 65 314
42 17 29 315
11 23 90 142
10 41 31 261
