100 800
0 36 100 497
0 80 63 460
1 85 67 474
1 22 68 42
2 72 59 347
2 12 75 281
3 77 78 399
3 58 61 429
4 47 17 137
4 64 50 166
5 9 49 420
5 78 77 493
6 56 67 57
6 19 55 218
7 57 28 50
7 69 39 425
8 79 90 215
8 91 22 296
9 96 62 448
9 42 20 109
10 12 10 410
10 89 32 479
11 45 21 373
11 55 12 368
12 53 72 247
12 87 64 131
13 17 91 462
13 72 19 156
14 23 38 372
14 26 28 302
15 87 48 448
15 45 83 480
16 49 36 217
16 20 95 122
17 35 71 117
17 47 87 142
18 39 85 433
18 99 79 278
19 72 79 403
19 28 80 161
20 65 46 381
20 24 56 139
21 60 29 63
21 77 86 461
22 97 84 279
22 47 63 416
23 96 62 472
23 96 42 70
24 80 90 410
24 72 22 367
25 97 39 456
25 76 36 418
26 71 57 156
26 58 62 227
27 36 61 358
27 59 40 174
28 65 83 351
28 41 15 218
29 42 30 363
29 42 63 91
30 51 26 406
30 95 18 417
31 45 53 170
31 65 53 91
32 67 80 81
32 91 53 101
33 75 28 271
33 39 29 497
34 54 41 288
34 49 32 292
35 65 67 399
35 72 85 396
36 99 22 429
36 50 13 386
37 93 93 129
37 44 34 100
38 75 54 329
38 53 25 478
39 79 58 364
39 92 69 283
40 44 62 344
40 46 21 281
41 65 19 318
41 45 24 240
42 65 91 147
42 45 12 120
43 62 81 344
43 52 43 415
44 89 21 436
44 52 39 110
45 80 39 111
45 87 19 450
46 75 70 406
46 78 85 148
47 93 41 295
47 71 56 271
48 70 48 443
48 71 62 317
49 56 56 202
49 53 95 175
50 64 43 54
50 98 10 148
51 65 90 241
51 57 87 91
52 62 67 318
52 77 83 445
53 86 30 120
53 78 38 496
54 92 36 326
54 67 59 110
55 62 52 137
55 92 88 426
56 61 23 84
56 85 74 145
57 69 19 434
57 68 35 153
58 68 83 243
58 74 48 149
59 98 89 127
59 81 37 300
60 70 68 480
60 80 98 383
61 84 46 70
61 87 46 211
62 77 10 490
62 75 23 344
63 65 73 198
63 98 78 441
64 94 18 477
64 85 60 45
65 75 65 427
65 74 43 355
66 75 63 185
66 68 98 121
67 89 75 203
67 99 58 66
68 79 100 69
68 86 36 211
69 81 21 360
69 70 39 467
70 91 46 491
70 94 59 194
71 77 95 491
71 74 65 43
72 80 52 376
72 75 14 213
73 95 54 136
73 99 57 203
74 94 50 370
74 89 100 219
75 85 40 35
75 80 55 378
76 91 75 418
76 82 15 386
77 98 65 474
77 89 43 452
78 99 58 352
78 92 40 334
79 90 32 422
79 97 24 387
80 90 76 342
80 84 100 212
81 88 12 368
81 89 37 244
82 86 16 348
82 94 81 417
83 90 99 288
83 98 89 177
84 86 32 170
84 86 63 68
85 99 92 352
85 86 66 260
86 87 87 166
86 97 47 226
87 99 55 452
87 90 93 308
88 92 25 474
88 98 32 264
89 93 31 194
89 94 69 419
2 10 39 384
2 10 59 148
5 11 16 249
10 11 66 397
2 12 83 75
2 12 67 157
8 13 37 267
11 13 48 464
0 14 48 476
13 14 24 155
1 15 27 189
5 15 37 500
0 16 19 339
13 16 74 138
10 17 36 492
11 17 43 218
3 18 57 436
10 18 18 407
9 19 43 467
15 19 35 137
12 20 40 185
16 20 43 288
8 21 19 49
9 21 29 120
15 22 65 63
11 22 71 54
21 23 26 386
3 23 99 162
20 24 61 263
11 24 34 95
5 25 73 46
17 25 42 145
19 26 61 499
6 26 44 447
14 27 87 71
18 27 62 159
0 28 27 41
9 28 90 131
19 29 16 181
28 29 68 124
4 30 54 253
10 30 83 420
24 31 38 238
29 31 72 177
16 32 93 405
5 32 10 487
31 33 34 174
28 33 21 366
3 34 93 430
6 34 44 111
15 35 86 368
9 35 88 98
23 36 34 268
30 36 15 349
5 37 99 454
36 37 37 207
35 38 82 184
22 38 63 73
4 39 25 106
13 39 38 133
12 40 18 67
37 40 63 139
0 41 54 398
13 41 34 334
20 42 25 259
17 42 68 113
26 43 74 94
24 43 58 438
26 44 32 168
39 44 87 73
34 45 65 480
4 45 74 394
2 46 16 177
9 46 11 167
38 47 12 216
31 47 39 381
28 48 61 393
0 48 17 379
37 49 11 168
7 49 70 419
30 50 54 147
31 50 97 156
15 51 88 396
2 51 72 463
12 52 37 289
26 52 99 425
7 53 66 46
20 53 98 52
45 54 94 58
41 54 100 261
18 55 54 166
2 55 55 312
3 56 11 154
27 56 48 138
13 57 63 428
56 57 96 291
7 58 58 232
50 58 32 382
58 59 46 298
24 59 49 363
51 60 38 362
30 60 86 457
45 61 77 458
25 61 74 295
58 62 85 249
18 62 91 232
7 63 38 438
60 63 10 367
5 64 74 230
53 64 10 371
52 65 90 294
12 65 74 438
36 66 63 86
16 66 26 421
6 67 39 272
14 67 94 411
5 68 65 193
25 68 67 428
48 69 65 313
25 69 99 337
56 70 10 352
62 70 19 475
8 71 85 275
7 71 24 303
54 72 92 481
37 72 84 162
14 73 33 459
7 73 18 416
71 74 22 102
59 74 75 243
48 75 41 462
74 75 93 289
29 76 64 473
73 76 93 341
55 77 47 114
58 77 76 223
17 78 47 98
19 78 22 424
31 79 84 448
1 79 34 316
24 80 74 173
34 80 91 474
30 81 58 477
49 81 20 93
67 82 94 303
37 82 15 70
21 83 21 101
42 83 72 267
42 84 47 47
41 84 82 350
24 85 53 307
67 85 19 115
48 86 32 121
62 86 28 32
36 87 28 70
66 87 63 87
77 88 65 246
63 88 13 178
9 89 96 192
82 89 36 202
83 90 63 300
79 90 80 57
52 91 61 248
55 91 65 207
20 92 12 82
49 92 48 161
60 93 78 198
34 93 83 81
81 94 89 177
77 94 27 174
43 95 11 239
40 95 62 328
25 96 43 372
50 96 19 428
46 97 58 195
56 97 54 422
64 98 96 102
9 98 92 426
57 99 41 215
29 99 85 192
84 87 24 257
56 82 15 477
60 10 32 386
91 33 62 158
27 42 45 391
55 99 64 394
5 83 85 193
76 96 63 430
57 0 51 59
76 87 15 171
74 90 65 383
70 24 45 113
19 68 68 67
94 56 95 46
22 88 12 65
38 22 97 351
92 74 66 472
75 13 97 62
1 31 29 259
68 14 42 253
4 66 16 39
53 2 67 113
29 98 60 287
53 12 58 74
91 46 94 170
78 51 75 30
69 36 79 97
3 34 63 233
84 91 73 74
95 70 45 289
40 60 64 372
83 14 25 381
43 95 79 413
51 78 94 355
52 41 74 40
49 64 12 314
38 66 73 301
14 28 52 69
7 26 56 276
39 58 78 230
97 33 21 199
37 51 72 263
28 17 29 54
16 33 46 385
36 56 19 61
0 63 95 341
93 76 51 300
77 2 83 407
98 14 80 227
98 74 61 237
50 91 28 235
49 44 60 253
94 82 66 246
9 98 49 331
15 54 15 59
98 36 52 296
15 5 44 279
95 41 70 151
16 90 24 443
12 67 70 284
68 59 78 210
61 13 93 428
70 68 81 425
37 72 72 422
79 34 33 175
52 18 34 144
49 34 24 181
53 58 94 413
28 32 40 56
44 87 38 264
41 8 80 128
88 10 37 461
51 78 23 109
55 83 31 380
84 51 24 250
32 94 23 180
92 18 98 331
55 77 91 282
48 64 58 376
54 40 45 296
86 15 77 435
46 87 41 193
80 38 88 169
70 23 83 408
65 96 11 155
86 49 12 279
24 83 55 315
41 25 19 226
80 10 88 493
0 51 53 264
41 74 90 478
2 32 67 139
91 28 26 452
1 52 93 241
33 44 85 458
5 19 21 353
34 28 79 499
48 17 25 194
70 7 66 309
58 16 46 364
11 0 16 353
86 28 87 320
91 34 42 135
75 66 52 204
71 72 40 487
8 58 19 358
84 93 88 456
47 38 22 191
27 89 75 250
67 81 14 98
39 84 49 364
95 68 49 445
11 64 84 247
21 55 12 141
5 77 40 372
64 70 46 462
20 65 11 54
78 31 48 58
18 6 30 240
83 85 72 288
27 78 61 494
17 21 22 34
7 46 96 70
25 54 64 208
25 17 95 333
75 6 99 283
9 64 53 323
92 78 55 55
71 42 85 301
51 6 37 238
49 66 65 281
81 26 24 130
73 43 57 424
78 74 28 457
27 89 43 49
56 4 71 233
10 8 67 108
30 1 33 405
78 84 28 85
69 9 82 31
80 13 96 30
20 14 54 249
70 25 98 483
12 2 17 479
29 8 84 63
98 4 98 139
40 17 39 353
11 35 38 39
69 76 28 329
12 32 79 270
10 29 64 367
3 73 24 273
23 26 45 404
8 65 73 264
20 38 21 89
66 80 37 82
72 48 41 224
0 48 12 223
82 2 85 280
19 35 27 36
53 10 92 248
11 56 57 87
34 8 33 338
48 88 77 37
42 20 89 463
94 48 18 148
8 89 18 182
9 40 72 317
4 72 68 473
47 35 31 174
70 14 34 83
89 13 41 221
65 29 79 115
21 56 39 241
40 52 59 191
92 53 10 124
98 61 65 366
75 63 39 106
28 3 43 171
69 7 60 183
95 33 85 365
86 96 37 105
28 39 41 83
50 65 53 150
1 38 95 144
86 78 42 40
97 5 76 215
12 83 75 61
24 11 51 279
22 48 94 263
66 20 36 230
35 56 89 429
6 46 58 52
48 69 34 338
88 69 73 476
76 47 78 448
65 49 51 57
60 89 34 249
41 77 32 334
93 6 65 44
60 90 47 173
69 33 24 34
91 90 14 223
11 90 50 316
79 70 57 427
21 50 33 466
77 91 93 247
40 6 24 274
5 73 67 115
95 47 45 326
46 10 54 160
35 57 94 84
53 17 56 491
39 95 11 420
96 88 57 449
52 81 67 460
58 53 92 364
34 15 81 109
8 68 20 473
70 3 10 53
31 44 33 452
39 73 78 317
9 0 87 283
29 87 42 45
34 25 80 325
17 68 71 370
47 90 16 45
59 17 74 94
71 6 35 210
41 31 94 357
49 68 21 477
63 56 23 487
58 14 57 262
87 48 76 436
8 65 31 422
53 86 24 492
7 56 10 498
53 73 100 51
84 87 66 133
24 6 55 410
44 54 51 220
1 49 38 275
71 92 40 329
5 27 15 280
88 16 70 210
47 10 26 384
50 76 44 299
40 85 99 107
69 8 68 399
32 98 63 354
45 86 53 59
4 95 86 344
55 72 29 313
78 90 96 179
42 17 99 273
93 49 57 81
84 13 30 500
53 27 86 499
58 25 59 366
4 83 49 184
24 67 23 59
90 98 48 393
99 58 91 231
57 17 24 197
7 86 74 306
99 80 69 410
31 94 21 92
66 22 83 104
30 26 26 126
68 42 33 284
64 14 51 85
87 90 28 159
20 27 30 99
45 98 94 268
55 56 98 167
89 97 29 344
8 17 59 465
61 48 41 455
47 24 37 307
63 21 14 291
75 10 26 156
54 75 19 311
83 79 92 117
73 79 68 106
98 8 60 101
94 93 99 488
77 70 98 269
80 76 39 456
34 12 83 33
96 85 20 301
7 1 14 66
80 49 66 153
33 30 55 99
95 18 51 134
26 94 61 427
57 38 63 221
14 88 70 116
62 9 55 417
86 90 30 497
98 67 36 229
13 90 31 242
30 98 81 207
15 26 72 298
93 37 76 223
81 9 78 388
43 54 65 202
60 71 23 187
86 80 45 101
26 42 78 119
84 58 95 234
17 45 78 136
60 37 64 237
64 99 89 142
59 9 70 293
98 36 30 450
59 46 88 316
50 42 95 77
13 60 48 417
40 70 68 352
12 27 85 73
50 48 48 392
46 27 60 406
19 96 60 487
4 29 45 131
25 36 28 385
31 85 90 149
69 4 90 313
23 40 20 61
91 70 97 377
30 96 79 67
89 63 83 45
44 98 21 420
20 30 56 39
35 82 47 288
67 35 29 77
70 85 55 98
27 61 98 416
69 14 63 62
29 83 64 153
86 82 88 55
32 15 27 338
8 11 45 485
86 99 46 89
33 76 33 116
38 89 38 283
18 15 87 453
31 17 55 141
20 56 100 89
91 99 86 115
32 43 32 174
4 16 31 330
67 3 68 197
6 33 57 439
15 11 70 293
37 30 54 282
33 94 27 87
77 94 33 266
6 52 79 400
16 77 97 343
92 24 42 457
41 32 92 209
70 57 49 315
96 75 74 274
85 0 74 403
14 90 62 323
10 24 21 444
22 89 25 432
72 94 94 65
71 77 24 470
66 44 33 35
83 11 77 211
93 46 89 232
73 36 19 346
8 44 71 286
10 20 48 170
41 38 86 382
97 63 15 33
20 21 73 488
78 25 46 258
22 48 51 437
71 46 88 438
87 99 51 365
95 87 35 458
46 24 80 399
99 58 69 436
44 4 72 475
31 12 79 94
46 93 61 278
77 73 19 224
59 67 81 53
61 76 25 373
79 12 78 159
13 6 59 83
63 65 20 346
89 33 17 199
72 73 91 214
90 14 36 383
67 88 28 167
58 85 21 274
22 4 38 155
74 65 37 115
15 24 13 329
61 51 18 351
48 41 58 218
19 5 47 376
1 80 88 191
32 88 69 142
72 81 83 77
77 36 10 266
52 7 25 478
40 42 66 371
38 64 98 138
36 81 53 69
66 91 77 387
31 69 46 229
4 78 96 169
32 34 100 423
21 70 18 318
56 43 50 439
23 79 40 499
68 76 83 453
28 80 11 309
89 5 93 101
12 83 36 132
35 79 26 336
48 10 52 237
10 61 34 473
39 99 21 470
10 11 46 467
90 66 28 437
77 63 15 446
34 70 34 357
99 95 91 375
42 15 33 299
97 19 67 367
47 67 47 405
14 50 74 290
54 72 88 126
96 42 45 64
89 61 71 64
