1000 4000
474 292 620
107 879 175
464 895 70
391 878 573
484 177 23
908 42 539
342 234 983
512 137 436
542 533 629
787 227 232
331 882 808
673 558 207
455 359 533
578 753 116
846 341 180
511 126 551
849 232 151
3 747 702
687 977 878
571 17 677
482 764 485
232 591 592
574 397 120
896 572 20
948 392 307
329 858 356
886 628 655
147 341 601
433 865 196
48 887 209
485 934 407
285 269 709
113 435 797
925 429 456
146 697 980
806 75 325
93 249 307
191 338 791
606 669 599
267 885 654
389 484 595
456 96 525
306 52 867
619 408 -90
812 42 -52
10 828 935
5 221 259
598 482 157
990 351 852
615 977 60
214 398 291
502 894 445
945 539 965
127 946 958
946 701 106
791 252 720
738 719 658
431 467 67
399 845 449
928 168 463
873 924 91
76 565 91
631 947 596
884 76 782
160 147 544
394 396 633
336 159 723
135 476 117
438 336 249
33 364 157
482 63 -35
937 748 698
224 540 239
364 522 256
721 358 854
12 789 827
923 545 414
209 740 -86
573 350 288
899 848 -70
774 199 584
926 982 695
485 659 422
388 109 972
688 167 331
326 563 664
360 785 785
448 758 959
498 877 867
105 344 483
677 804 794
859 247 -69
48 611 328
796 452 835
133 287 725
769 31 173
460 511 699
802 191 687
405 94 645
910 866 423
504 455 272
352 7 958
564 649 204
419 285 -85
206 609 194
706 877 141
853 341 445
904 313 739
471 269 227
583 470 823
889 449 194
377 52 812
631 616 143
338 599 63
894 485 324
681 942 147
164 203 587
473 284 523
9 890 384
353 461 599
725 300 779
310 641 476
707 297 375
983 560 858
42 541 544
162 393 -45
133 923 273
328 927 316
834 366 776
267 830 26
539 796 251
468 670 966
382 116 230
717 868 526
597 141 362
41 614 -89
383 295 956
662 908 120
317 642 636
905 962 462
667 139 936
847 610 640
857 919 21
444 498 581
579 176 899
928 338 377
560 783 971
6 170 469
964 872 912
773 258 657
430 419 634
2 452 967
471 125 -38
562 345 455
407 880 247
217 707 -64
256 412 202
22 220 680
129 171 392
649 350 -45
522 648 86
463 114 684
724 927 -26
365 28 904
279 57 11
725 847 222
956 542 13
192 853 997
609 963 -63
566 79 765
817 518 548
294 970 557
765 416 -12
280 503 771
356 44 652
874 660 695
787 607 106
794 52 579
513 212 -92
6 915 404
700 692 313
569 304 137
284 209 389
620 158 489
444 162 890
753 681 605
837 572 335
355 579 831
629 31 -18
958 875 192
110 556 616
79 661 215
412 204 939
701 930 179
973 761 509
268 54 525
353 945 837
181 882 880
348 599 141
946 836 558
88 478 630
516 278 519
712 519 866
591 343 98
695 303 875
542 249 69
366 799 -71
336 76 732
834 961 18
804 907 495
249 637 981
862 131 141
601 715 9
133 415 791
744 261 350
53 766 568
297 680 284
208 870 466
816 80 604
984 779 931
949 517 -94
733 489 79
952 741 962
394 81 612
289 951 467
248 476 472
23 637 639
599 810 947
135 984 177
957 563 137
975 420 377
15 810 80
197 243 577
353 363 -99
961 922 80
475 53 903
683 800 385
402 989 278
845 697 160
169 251 205
380 374 773
595 13 916
597 49 961
187 976 336
652 867 427
943 736 716
530 249 882
482 304 12
202 854 -72
122 986 690
468 777 195
64 83 338
866 746 79
910 891 354
740 975 917
586 766 769
601 398 714
173 229 -24
218 472 394
891 326 746
89 11 728
491 595 260
842 789 898
175 603 315
808 50 602
748 460 326
745 688 304
429 870 95
701 370 477
669 808 650
793 950 38
537 615 251
158 130 398
574 771 54
493 297 910
455 918 733
29 702 92
228 754 865
896 109 279
802 741 609
278 833 379
777 915 735
852 400 987
763 793 423
84 986 407
992 634 525
768 897 872
896 488 507
513 923 248
489 65 593
754 442 710
673 533 925
180 839 179
866 148 304
896 561 231
665 971 648
9 591 585
716 673 688
713 981 473
154 131 988
491 612 621
258 96 614
764 932 807
786 559 650
234 764 566
397 598 645
347 149 213
898 202 372
580 707 852
545 231 -71
219 155 504
893 241 -46
130 254 433
412 146 618
144 932 504
864 312 284
803 590 503
761 532 57
976 593 726
750 23 83
104 404 381
611 356 425
883 145 970
759 383 764
779 257 885
651 646 289
198 309 667
997 607 498
865 545 387
323 274 -71
82 458 77
427 393 168
762 703 67
711 167 44
739 856 948
129 992 11
650 183 338
454 167 720
250 601 769
223 362 833
563 393 85
32 30 844
658 379 118
754 587 693
81 959 792
201 583 363
114 615 331
824 929 38
318 506 921
997 301 857
385 510 58
435 445 26
628 555 292
773 886 159
405 776 851
861 214 -94
947 773 259
231 282 554
71 794 64
630 182 636
50 633 819
663 74 817
118 907 65
938 624 38
126 760 14
682 104 250
691 733 -1
956 257 340
505 715 507
204 232 -4
245 524 617
689 697 520
313 411 564
946 774 453
954 452 -39
345 415 612
242 524 552
36 714 -15
181 512 470
585 906 513
891 47 701
972 389 552
553 561 735
455 146 987
305 678 148
629 325 363
995 438 -35
742 799 432
311 990 427
592 701 22
107 579 -8
173 226 127
149 684 670
152 61 827
645 921 305
483 751 43
933 877 94
731 630 609
956 368 172
856 256 865
413 633 812
377 307 885
589 286 459
133 427 245
123 893 810
642 641 535
27 110 -42
841 256 856
890 711 796
495 253 699
35 385 923
9 640 527
569 436 508
731 216 294
521 757 598
502 988 916
733 878 233
95 646 871
840 961 -92
613 970 308
595 763 -85
871 965 526
17 382 266
978 166 752
47 206 454
812 794 853
564 816 850
133 901 877
958 527 936
401 169 609
114 390 310
792 65 759
295 579 593
620 787 185
163 105 331
63 679 443
499 863 548
980 876 931
632 907 761
602 906 314
379 44 340
704 321 189
96 218 552
204 165 557
66 607 633
743 301 570
524 816 941
752 399 85
218 319 746
983 513 715
922 907 89
184 760 13
880 46 373
72 331 37
396 709 742
111 573 809
419 39 8
967 549 862
652 153 78
892 427 943
276 955 457
492 559 952
875 988 282
481 88 838
76 201 997
296 76 707
658 743 252
315 237 -14
814 694 14
792 728 531
592 247 798
665 614 655
575 764 928
128 394 274
659 73 36
599 238 -86
575 945 568
198 637 649
471 49 -88
790 89 677
767 498 638
200 756 -27
304 359 872
861 897 806
886 757 721
549 822 -39
930 504 50
610 751 839
429 883 977
136 884 717
635 197 781
150 247 911
732 256 551
621 990 767
703 460 772
627 35 501
269 851 785
970 611 12
270 775 396
338 187 952
96 157 162
325 523 -14
840 473 11
800 396 779
744 864 172
3 394 479
114 939 491
397 792 160
144 703 405
583 561 88
827 335 840
446 308 988
38 304 512
738 248 158
123 717 639
400 702 159
993 807 368
779 187 768
744 717 107
754 366 1000
553 605 501
618 856 660
422 236 -100
736 978 -79
241 105 432
997 19 277
918 142 523
655 385 -76
274 916 449
784 253 775
704 137 471
177 42 827
476 596 185
637 961 730
556 695 75
482 609 185
182 840 186
764 723 -97
436 858 494
794 407 894
536 71 275
197 628 127
44 948 971
527 70 358
367 88 761
545 418 927
177 472 463
525 355 -20
661 550 659
154 113 739
359 569 345
180 148 556
191 20 485
492 750 142
32 421 643
659 587 337
836 547 370
691 707 921
540 501 875
763 531 216
677 543 222
305 205 160
756 48 240
873 21 988
602 534 244
199 422 633
27 598 242
548 677 833
225 154 -7
683 572 641
104 81 496
855 106 534
594 793 149
487 276 873
861 759 991
429 33 167
423 637 369
486 962 605
709 657 789
523 777 282
160 289 188
171 582 629
875 308 -59
234 747 922
911 705 803
407 280 558
302 834 184
72 656 576
999 157 844
954 831 616
386 156 307
843 927 430
473 160 62
432 498 936
856 230 899
420 744 196
232 908 786
905 871 721
479 692 17
738 510 444
825 223 306
283 319 655
909 944 958
819 674 762
132 693 932
638 350 320
273 782 167
337 987 466
837 198 979
946 681 610
968 959 860
596 493 -85
505 436 835
314 694 537
374 203 851
340 429 680
404 442 -69
203 636 508
523 363 722
776 967 697
553 469 224
898 713 803
956 728 -9
350 940 63
699 496 448
107 670 849
136 681 364
390 671 464
836 246 572
651 691 367
797 332 281
649 366 171
385 445 -24
711 97 909
277 957 28
721 352 221
178 384 571
294 270 569
134 9 978
843 588 936
8 314 280
531 20 488
129 994 895
631 116 483
847 81 -64
935 953 37
931 644 149
836 765 213
148 244 394
478 413 983
13 921 420
817 754 402
318 63 -22
654 546 118
611 258 354
963 873 989
909 410 735
700 35 144
868 224 -8
489 252 568
754 576 933
672 947 330
756 14 102
817 413 372
422 695 210
251 719 283
100 121 561
198 83 330
93 685 432
790 255 744
339 804 261
241 814 485
786 849 169
338 647 402
54 874 303
457 563 770
253 83 131
197 33 -7
528 678 455
839 638 504
439 941 -47
165 698 26
389 961 493
185 871 981
11 348 244
265 322 956
733 893 5
299 317 -44
882 815 222
427 652 848
986 960 858
472 514 430
365 49 -28
358 578 668
655 936 645
86 883 126
966 3 849
392 51 603
598 129 673
839 876 776
544 197 977
86 821 637
12 685 -3
187 203 87
197 460 585
130 234 703
927 559 -43
383 719 439
902 451 788
300 425 -11
255 526 -23
210 717 457
827 831 433
527 828 6
931 371 831
26 36 681
680 48 130
149 601 603
200 437 839
8 306 274
627 509 287
170 721 217
980 944 873
708 665 601
343 111 75
502 525 34
699 406 747
805 208 31
633 456 745
435 565 835
450 896 505
791 660 692
578 266 234
732 514 49
654 485 545
491 956 411
623 135 46
163 537 991
210 797 802
950 620 673
437 559 459
687 82 531
514 316 221
525 638 603
592 812 926
331 880 105
805 551 653
136 586 829
482 738 794
265 993 700
743 191 738
600 992 259
703 616 -24
578 328 990
520 932 746
161 374 274
958 212 936
783 754 92
656 492 -39
701 325 115
816 938 468
583 43 862
526 136 577
776 759 739
10 55 916
823 206 846
855 197 896
728 524 759
765 376 123
587 108 346
433 391 128
600 560 3
681 366 873
38 807 628
371 85 249
866 147 72
737 169 882
18 732 407
128 464 701
74 681 317
604 225 845
805 928 -50
107 473 114
698 410 152
941 35 946
485 923 341
396 652 706
997 290 646
38 938 846
292 690 941
88 18 467
722 741 863
381 800 441
786 105 509
620 332 611
99 732 337
777 839 971
300 462 718
101 412 686
471 821 841
97 42 617
804 293 855
286 700 126
899 133 -27
116 629 662
406 540 191
349 902 0
697 284 264
666 992 605
945 518 94
872 710 101
401 541 -51
834 864 901
597 909 492
569 943 901
319 327 193
138 263 294
626 820 -53
907 120 880
927 596 460
724 61 -68
183 356 759
594 574 -14
102 428 765
746 421 828
816 406 469
529 393 664
871 312 509
913 770 933
853 535 742
793 208 269
106 394 810
168 814 286
225 370 970
886 276 389
92 117 569
758 222 803
545 544 667
907 357 479
619 740 52
417 657 -15
410 311 773
837 125 885
660 604 888
138 438 922
155 175 731
446 834 445
286 738 -39
122 273 331
115 328 82
247 354 674
243 689 141
117 363 292
454 226 568
131 41 962
296 696 589
579 770 614
772 374 -80
82 262 322
833 36 999
435 130 799
773 386 63
791 427 697
591 301 120
488 95 21
727 252 144
255 661 323
731 221 727
380 259 915
219 128 77
377 294 577
602 507 48
544 283 515
125 777 336
756 708 548
462 886 544
458 761 34
632 794 359
862 896 32
786 852 824
121 532 997
650 577 468
367 575 282
249 452 -5
458 305 1
682 233 465
453 536 923
812 144 302
878 876 674
448 470 140
217 521 140
691 804 327
267 668 880
268 741 -87
102 50 -42
630 44 -41
475 381 511
492 930 916
401 662 945
561 14 820
545 174 255
740 48 561
727 989 724
403 436 -9
999 67 545
872 737 235
989 489 728
400 180 318
443 294 312
677 841 645
220 421 579
515 482 732
6 79 136
248 628 218
87 809 690
725 345 538
714 593 342
121 216 549
867 950 959
709 907 108
321 410 -35
577 501 425
874 991 72
678 705 292
272 860 575
711 462 337
672 746 203
333 782 755
153 492 224
166 693 860
715 53 165
706 873 290
534 92 248
124 386 282
415 373 466
237 799 574
506 290 210
758 544 217
357 397 679
313 693 227
267 762 697
805 561 413
972 905 348
73 474 70
624 360 413
826 558 501
940 497 24
426 744 789
607 457 282
264 648 294
2 617 388
949 159 364
506 589 904
16 266 945
288 793 572
0 937 489
300 234 624
800 679 146
32 117 301
411 962 518
157 665 612
421 49 759
634 514 128
186 597 760
227 354 522
986 559 751
407 31 861
861 993 239
282 666 889
486 681 303
879 703 605
816 935 -36
842 906 140
477 439 682
452 791 454
40 4 958
641 200 283
505 105 692
571 55 356
731 930 377
766 622 595
983 829 938
767 318 546
132 724 121
651 48 303
10 25 265
366 326 385
102 957 418
65 272 735
641 14 411
122 402 885
835 913 342
370 160 -6
244 14 527
939 770 464
261 17 384
5 899 776
43 586 508
43 293 134
770 775 -97
187 164 294
637 108 295
427 34 686
952 316 257
43 907 284
560 378 168
75 394 336
385 556 -53
510 333 458
424 74 75
691 149 227
938 519 802
123 643 255
177 732 600
484 890 619
217 224 51
384 98 640
197 988 256
220 464 619
670 46 314
868 27 -51
772 53 263
95 622 370
688 382 485
41 766 785
940 381 -21
367 14 114
848 374 438
402 999 215
170 87 497
870 553 491
509 520 935
309 474 465
965 172 744
54 419 317
73 11 194
795 884 113
66 724 256
335 67 483
598 718 583
665 429 67
66 397 103
30 93 984
610 601 532
688 668 888
284 958 173
326 696 3
533 57 431
371 174 249
629 370 -42
164 565 395
395 892 111
949 400 275
820 608 746
454 355 30
216 199 811
156 94 91
583 739 193
182 790 350
905 862 984
135 384 -74
77 193 414
60 62 802
153 602 787
743 966 387
371 374 877
137 161 193
141 935 694
984 516 767
76 906 370
40 828 723
539 442 582
140 174 769
562 732 943
597 512 257
28 617 115
229 192 871
1 48 -78
13 522 540
221 521 957
531 697 59
821 90 254
765 290 449
317 128 549
606 924 119
942 325 325
723 54 -80
198 735 148
170 759 757
480 545 454
249 161 336
350 334 748
854 605 -22
951 934 456
847 376 691
966 89 259
193 616 455
336 611 63
165 123 398
423 958 -85
429 663 167
95 278 338
465 727 854
27 163 827
921 658 436
611 938 600
170 241 635
684 293 565
43 233 290
13 832 196
602 513 628
424 562 939
884 575 688
555 983 333
395 412 942
764 851 311
920 692 921
926 670 902
644 989 522
93 406 208
596 486 707
267 524 964
0 415 162
744 325 16
519 656 639
351 243 157
792 864 901
904 398 551
133 593 -69
549 469 196
816 361 770
67 619 457
681 199 211
517 866 320
624 985 310
331 851 7
233 114 689
761 625 24
775 37 299
589 775 75
137 720 358
239 957 833
970 995 760
39 495 -7
435 701 168
968 924 423
880 177 502
279 201 284
730 438 203
123 3 -90
692 760 658
110 163 260
78 254 357
327 682 433
790 891 -62
968 533 968
514 625 720
391 811 21
82 292 532
128 615 181
696 797 854
75 610 377
306 286 981
691 392 151
60 76 939
474 674 226
83 501 258
270 920 -67
623 760 880
993 923 48
732 883 534
272 671 481
411 293 255
387 527 182
532 337 200
581 142 732
187 56 247
300 957 896
356 604 883
854 577 -97
98 999 957
691 533 610
695 690 642
950 713 626
836 987 193
848 699 699
879 18 -24
124 740 754
903 752 254
545 622 907
353 497 978
578 471 687
679 546 176
684 772 585
591 489 278
114 969 369
663 872 788
309 661 826
683 447 656
333 377 919
588 601 773
558 778 656
199 648 113
929 673 238
789 363 187
937 114 123
21 812 509
792 644 873
552 623 42
88 787 974
527 590 100
640 296 825
323 851 68
749 192 655
994 391 526
143 184 837
918 811 592
662 41 138
832 277 232
511 623 753
828 652 718
37 997 683
807 147 985
549 885 941
107 41 171
71 675 -53
131 319 950
599 687 492
274 16 194
618 517 -95
249 363 530
279 123 96
617 58 179
915 962 443
458 809 367
586 306 190
747 55 367
107 630 215
39 268 505
460 879 663
660 266 81
742 651 -57
806 161 -10
825 657 740
3 267 733
809 296 746
748 482 11
421 889 241
284 703 38
747 742 -60
553 207 152
0 630 117
500 299 42
135 811 976
283 313 355
266 203 101
117 708 543
676 942 546
796 598 80
215 315 452
854 434 445
425 44 646
131 181 886
53 366 264
55 967 761
114 664 334
883 197 302
769 32 303
803 528 450
111 219 176
920 600 330
954 110 372
305 473 637
130 43 315
670 210 34
981 209 8
432 605 635
856 411 360
820 377 955
271 483 962
867 410 453
335 301 -35
200 354 295
610 787 711
705 66 507
621 9 673
389 870 106
647 410 -92
116 270 107
46 758 99
766 426 102
825 86 35
710 391 464
25 180 939
568 663 616
778 669 46
485 918 544
7 803 135
43 79 80
925 536 288
192 416 886
464 474 32
858 573 939
637 31 563
916 67 828
709 86 474
259 818 623
552 454 402
128 899 546
502 373 602
457 303 185
450 510 272
623 801 417
806 957 93
10 528 849
659 25 898
970 737 379
341 25 98
775 608 42
694 448 0
392 745 534
160 596 -97
456 922 740
480 589 225
683 941 550
112 131 795
726 437 82
752 969 -66
46 293 138
538 513 -2
82 255 238
245 962 359
385 45 839
443 979 983
904 329 33
151 842 114
309 634 998
265 534 132
956 464 563
788 463 693
708 156 874
364 825 420
935 354 765
938 143 990
195 767 127
167 254 842
657 842 736
195 461 929
392 836 821
280 571 -35
550 209 259
759 838 477
601 941 301
864 39 536
457 30 251
97 745 696
651 926 -51
430 872 501
105 111 855
104 629 52
478 256 -57
637 96 676
182 511 18
632 46 325
486 814 14
357 204 22
97 898 423
447 770 335
918 177 815
547 257 405
42 336 262
276 365 -63
539 946 823
899 609 748
836 28 -28
162 973 851
140 424 -9
967 318 877
292 446 22
222 854 371
796 125 -27
196 85 822
923 490 813
996 94 302
291 576 -66
826 544 120
173 577 436
344 473 572
580 867 205
610 217 778
830 213 431
879 745 546
755 984 670
552 710 654
686 89 749
194 196 271
126 839 235
361 465 379
900 379 31
998 279 959
203 704 131
83 831 152
662 257 759
12 841 550
672 494 271
375 336 950
175 347 -94
358 250 701
726 896 545
421 896 776
929 199 227
108 728 428
650 344 509
700 40 888
256 363 675
603 237 857
110 565 -9
466 522 105
209 871 32
982 917 671
870 659 634
652 631 461
836 272 495
493 724 -50
897 328 934
793 286 283
89 719 464
607 365 580
161 263 643
784 293 827
970 65 855
909 154 87
225 150 -16
767 228 540
465 406 861
307 742 163
185 675 -34
202 777 560
208 590 78
314 301 427
681 379 370
158 94 832
458 96 878
77 415 770
34 296 724
156 349 702
24 970 219
393 585 641
117 232 675
506 939 42
914 603 877
303 181 728
991 816 64
771 948 39
179 318 443
574 170 831
339 389 177
469 286 -2
777 16 649
803 906 996
998 667 591
844 41 633
122 472 778
708 365 579
499 798 263
847 121 -63
693 395 -57
389 703 795
286 185 325
473 507 87
903 591 87
574 868 529
471 19 -62
914 787 255
427 5 944
226 272 118
481 467 973
742 259 205
15 165 189
483 963 154
980 469 941
66 954 805
324 197 583
831 520 77
654 513 979
775 258 757
889 14 783
358 263 335
636 108 625
270 750 341
191 190 569
88 318 835
885 592 225
833 23 394
460 944 884
951 356 974
152 856 304
591 847 287
777 392 130
257 159 375
944 330 683
943 729 305
493 278 64
114 634 257
8 504 137
700 332 350
659 285 199
930 980 345
138 415 -98
91 667 42
97 909 93
174 964 91
348 77 812
328 185 669
609 451 434
975 948 24
989 825 52
261 160 472
484 161 358
930 10 828
713 330 979
537 880 519
585 81 58
391 351 468
53 746 750
337 597 -34
995 682 802
125 659 631
956 909 862
696 469 978
80 394 785
551 695 943
538 45 524
84 178 361
241 158 418
208 323 862
326 926 941
375 388 24
335 786 543
510 106 330
78 854 555
732 7 -6
188 711 88
303 156 971
385 205 160
53 324 231
689 805 281
43 453 190
816 194 561
668 42 775
579 322 114
938 279 6
888 288 -75
417 588 274
890 425 427
888 912 167
198 740 716
345 106 730
735 257 544
665 754 119
101 730 341
785 626 779
414 391 478
825 833 532
140 600 968
846 83 306
500 171 59
271 898 632
944 966 979
72 564 812
604 205 338
66 369 -71
32 5 346
581 321 570
364 455 469
296 640 300
955 515 228
675 184 -19
233 728 650
111 741 120
942 21 664
544 489 398
847 448 139
694 915 231
498 376 866
735 304 371
700 613 666
760 999 581
880 305 539
656 516 466
43 966 159
231 770 940
588 680 730
479 260 283
329 526 902
354 955 487
687 610 682
584 451 613
636 772 326
559 334 718
740 197 264
1 707 452
452 996 395
554 223 599
563 958 141
376 149 266
724 498 354
28 282 509
510 481 437
852 449 133
628 871 334
532 184 775
889 215 629
558 135 798
172 260 653
823 592 101
160 592 927
168 856 375
114 506 955
337 624 952
171 500 381
550 944 765
176 527 975
79 498 361
205 645 457
118 860 702
530 133 -79
746 311 200
334 290 109
731 482 399
297 85 943
679 833 793
813 241 480
300 330 925
241 123 19
87 993 417
248 946 89
727 735 105
600 182 774
402 282 750
116 469 805
244 597 994
771 431 329
109 597 533
296 71 926
254 328 392
497 142 221
75 155 711
857 623 -75
790 369 423
650 139 372
593 671 661
234 427 418
796 462 237
433 13 191
278 706 939
383 916 220
674 143 314
904 794 643
436 293 363
497 20 943
723 767 149
525 907 352
993 275 -70
904 925 2
364 196 -32
166 750 55
395 999 342
349 859 471
108 132 288
360 717 481
947 456 833
575 812 106
157 473 166
253 469 -66
610 783 420
720 133 474
560 892 79
946 11 555
784 971 537
614 451 408
728 846 528
718 15 889
582 64 160
925 758 522
446 208 547
401 489 26
855 361 794
371 496 704
981 476 521
867 59 48
616 289 211
154 680 726
492 118 438
26 899 433
736 97 127
39 980 768
59 418 -37
882 235 588
437 422 178
294 257 829
257 391 459
711 549 599
699 194 639
171 454 646
224 275 365
627 697 99
720 278 269
226 796 -23
108 497 705
21 685 527
177 804 589
206 131 537
353 787 904
811 361 8
107 231 87
191 7 918
232 127 317
869 55 133
610 761 739
464 590 938
107 604 15
786 372 782
353 395 17
835 893 493
344 974 916
67 656 870
542 345 -4
307 519 600
929 495 504
46 797 338
756 3 16
303 821 378
251 978 -30
758 823 834
434 828 942
750 825 150
559 125 375
843 877 772
444 794 847
555 91 250
553 960 760
694 545 325
188 388 317
476 549 993
414 328 -55
36 151 947
424 375 -15
591 308 592
683 497 380
123 193 -70
334 936 685
408 906 265
599 255 106
171 240 632
256 425 831
168 514 349
988 215 580
917 807 765
36 384 -67
812 876 34
38 358 391
691 375 -32
775 997 823
598 25 398
428 100 739
612 559 87
954 136 121
740 748 135
20 421 503
774 994 859
786 931 870
511 692 896
237 786 -30
151 977 184
2 431 688
260 892 81
71 795 217
985 887 239
415 368 259
868 514 408
759 117 789
770 965 -90
898 370 604
793 953 9
58 613 495
269 43 324
145 762 916
507 112 463
643 882 299
778 21 380
648 453 484
940 433 547
254 679 639
637 248 778
934 666 298
71 792 867
997 858 255
551 820 755
172 959 764
674 991 619
143 890 306
230 766 759
956 102 -21
130 537 366
886 611 11
138 141 808
374 466 845
191 970 301
563 496 -89
525 486 605
935 832 91
959 797 593
870 327 -55
559 85 274
707 24 209
267 354 920
674 258 675
29 627 967
259 119 -32
468 409 91
692 895 663
492 79 27
442 395 92
590 51 363
946 61 562
216 484 754
200 733 844
951 622 472
821 682 436
95 614 448
718 650 316
436 363 901
824 808 339
510 377 658
317 33 504
790 310 464
259 164 569
32 680 187
70 934 596
905 351 923
686 596 351
968 982 836
337 285 263
718 267 -29
49 737 206
419 352 737
399 90 651
21 928 1000
467 929 360
568 986 228
906 375 290
453 437 879
538 243 286
204 602 202
887 417 36
243 492 637
677 251 757
51 53 940
269 189 510
217 830 541
92 913 379
382 14 267
222 250 730
180 427 869
780 403 504
34 648 218
341 315 487
141 520 55
124 409 269
703 490 776
865 111 751
910 284 586
237 167 355
926 536 150
26 990 679
517 153 234
580 637 519
14 867 434
436 266 387
341 374 429
102 235 79
551 516 303
244 938 932
681 140 404
824 189 -99
283 837 343
100 753 670
233 603 419
515 305 926
580 735 800
730 703 804
420 279 521
536 589 765
686 304 552
534 640 380
192 923 143
506 334 235
309 890 -75
709 973 530
304 193 777
37 184 273
236 845 524
757 530 484
834 258 -48
413 735 422
945 481 836
889 475 708
166 10 403
871 453 252
46 282 618
525 151 479
672 483 594
530 904 397
253 790 951
938 565 259
150 594 155
479 164 47
259 284 502
892 214 99
631 731 601
86 565 695
837 908 709
711 13 851
32 39 438
730 949 406
773 641 370
543 687 -79
174 979 -95
575 609 341
688 793 572
641 987 -33
200 973 194
860 299 312
166 510 500
49 871 375
818 955 941
366 558 452
682 636 973
484 521 194
321 94 28
62 723 621
749 73 801
510 643 696
240 414 931
529 123 886
933 947 970
943 143 45
92 877 56
375 458 735
711 543 226
245 290 814
699 535 29
341 282 174
378 644 181
603 331 582
834 71 76
241 30 72
933 421 222
339 309 751
387 303 857
34 970 429
304 388 992
258 130 13
986 3 601
371 551 138
28 135 750
382 788 -3
869 841 420
55 909 853
145 656 292
266 643 506
819 938 203
566 149 992
368 44 527
87 615 673
148 511 674
703 599 809
125 15 319
697 151 905
623 271 582
450 97 325
884 80 439
538 865 982
565 927 805
905 656 769
226 818 624
254 653 -19
916 536 -36
150 634 134
196 375 22
888 715 228
807 621 342
797 331 364
945 557 -85
924 509 834
621 647 937
167 301 452
642 674 757
542 933 894
851 51 508
20 363 372
644 780 912
368 882 830
306 104 152
852 979 190
349 116 595
403 643 374
692 801 -83
563 829 311
383 223 852
133 499 308
857 963 445
606 304 581
377 425 725
272 171 801
751 582 443
636 891 924
522 132 -86
456 124 158
761 772 736
104 462 675
43 18 319
156 502 679
126 345 810
736 181 880
306 119 273
923 212 -97
812 518 435
59 771 820
669 756 495
771 310 117
491 189 434
522 639 131
645 741 683
813 43 789
503 5 87
778 895 661
526 275 332
791 458 40
567 293 466
584 766 595
317 459 991
430 880 456
185 795 577
270 77 142
974 322 947
203 156 937
886 23 75
19 343 682
400 924 917
657 634 900
872 858 688
380 24 368
49 961 915
60 701 956
856 243 572
241 505 801
188 908 926
269 18 935
129 166 971
780 41 738
78 819 758
718 360 -58
501 499 100
920 120 709
200 468 638
885 534 984
361 955 725
886 991 525
690 598 298
148 357 762
562 632 287
921 382 935
946 824 470
695 848 704
336 117 622
979 605 329
907 858 940
271 743 906
903 309 694
771 246 -85
553 243 10
610 138 769
933 990 760
770 507 468
575 529 255
758 394 232
660 401 734
579 843 513
943 605 644
282 891 551
234 50 706
235 311 126
249 140 375
707 295 631
805 146 269
253 223 103
51 245 763
195 910 76
67 409 356
70 598 304
678 893 748
52 448 306
916 321 831
180 726 957
108 174 472
801 429 639
664 234 934
225 769 464
225 873 653
379 229 992
357 383 -9
606 699 671
381 364 925
650 512 -34
754 893 445
982 208 478
975 569 126
680 759 477
698 42 440
385 72 799
140 173 720
137 326 138
204 282 615
846 371 999
92 55 70
272 782 427
710 488 49
413 947 -100
279 713 989
989 553 -82
723 313 396
370 520 391
464 312 260
908 128 770
618 968 80
115 617 18
887 99 717
89 51 745
857 447 994
733 476 733
194 154 588
658 304 451
336 626 607
216 837 937
265 339 683
240 993 709
291 790 382
518 59 1
669 305 559
159 548 965
655 703 513
107 501 362
214 239 915
143 748 281
810 292 618
902 431 373
887 700 590
515 762 464
593 988 73
238 123 671
41 994 988
898 380 41
194 595 280
206 534 813
350 247 96
432 393 86
377 232 28
963 264 83
831 790 -29
4 96 782
18 607 967
411 144 960
764 711 943
879 940 298
596 256 271
84 626 466
469 815 927
639 697 874
991 699 793
25 868 85
72 711 615
255 594 505
636 814 676
356 200 248
107 810 981
457 882 884
544 327 342
115 143 864
952 332 895
482 331 629
225 360 620
579 10 -12
494 552 849
796 213 883
685 644 7
300 834 310
382 620 222
936 214 103
513 553 -12
32 711 489
203 742 164
206 765 340
223 857 441
707 351 807
281 487 648
129 454 16
391 167 287
370 613 -52
868 368 486
158 324 -33
742 643 582
261 792 482
860 181 505
564 121 323
274 968 972
754 3 88
723 927 363
416 29 665
558 82 436
193 921 549
543 392 539
470 519 191
456 890 371
164 35 20
448 789 -22
621 139 345
123 253 258
538 225 107
274 61 154
845 181 202
556 981 721
97 842 -1
112 509 779
310 561 101
708 717 912
259 231 -47
5 61 -1
274 208 697
724 825 205
214 444 580
398 734 787
632 6 45
435 450 104
101 956 692
422 912 175
219 989 709
342 766 556
201 559 203
56 236 420
945 833 164
442 53 660
24 629 672
272 68 742
185 233 634
459 855 899
917 169 351
866 819 863
885 630 765
486 693 880
843 495 668
79 814 251
990 310 182
544 55 -16
318 154 860
985 882 889
228 389 310
823 962 557
367 413 148
69 360 911
817 655 594
689 491 383
445 384 871
178 423 518
33 703 130
169 644 171
369 608 227
8 525 867
451 126 208
137 507 351
754 97 307
557 476 -2
428 676 519
832 610 396
59 500 885
237 126 659
757 502 951
776 137 541
344 776 74
405 953 503
819 387 191
634 625 328
715 894 -36
371 504 435
685 540 974
244 44 184
848 946 211
463 825 228
925 806 -77
307 638 372
641 982 170
906 100 -35
52 355 94
503 599 180
165 381 202
982 39 375
699 725 389
847 193 749
161 204 503
327 340 -56
87 278 394
563 196 -20
964 180 838
955 27 558
5 836 398
763 832 752
791 646 893
258 99 720
785 290 292
389 998 132
308 955 738
854 399 147
641 144 197
508 871 313
174 394 398
441 574 922
960 119 122
292 320 874
221 864 627
535 685 302
776 816 543
970 412 283
771 87 790
420 116 771
488 111 628
701 898 589
142 876 500
807 338 756
293 749 471
714 591 639
353 809 132
568 373 950
215 210 -77
476 588 629
489 91 945
757 276 129
319 454 -55
564 850 529
52 457 948
349 926 59
224 384 641
295 715 319
640 791 799
742 311 799
502 462 22
296 779 990
683 111 896
253 166 770
578 963 974
968 652 193
340 455 122
470 11 815
15 17 516
927 47 163
743 534 210
273 287 -6
703 820 -40
97 872 407
143 826 -93
156 729 284
9 124 691
386 517 719
976 866 347
715 706 287
957 258 381
568 596 4
901 240 803
401 801 -44
617 71 278
110 455 943
504 549 122
252 933 589
145 598 776
569 533 160
536 457 -87
88 305 519
793 113 323
697 123 -76
682 108 691
47 509 703
311 246 -60
0 553 358
162 523 884
872 252 632
448 542 50
720 80 214
947 434 266
186 975 935
883 374 331
998 448 134
795 838 -27
843 812 736
950 92 195
522 376 788
444 84 470
618 786 -40
994 139 928
612 577 15
572 91 187
328 398 859
828 685 -74
680 690 -41
669 229 69
776 681 298
375 722 110
566 501 904
949 892 55
723 314 -35
837 574 -91
929 656 419
552 812 565
779 488 519
803 917 224
550 191 329
344 877 896
379 56 711
522 296 488
888 540 -98
395 598 619
21 661 887
472 359 623
178 198 329
452 982 208
522 800 37
572 300 836
584 720 872
518 648 394
934 971 457
288 360 729
85 121 222
224 803 492
474 829 361
173 24 47
215 764 -11
676 569 19
103 123 587
649 250 469
876 372 -29
224 191 232
954 871 935
286 883 546
423 648 373
922 45 331
633 435 668
608 901 -99
410 720 425
459 855 -66
282 499 355
849 452 874
407 433 755
48 321 -14
607 303 335
294 988 560
545 113 876
910 436 -10
437 965 935
717 834 364
469 781 436
22 11 153
893 9 699
110 749 972
124 601 597
897 896 934
511 28 52
594 720 859
991 558 571
833 505 831
169 85 989
335 859 524
135 874 560
49 231 -48
614 774 33
267 647 669
735 463 279
756 605 995
426 407 874
965 116 992
947 764 725
122 522 409
600 878 546
734 241 188
565 40 870
421 369 641
271 613 186
749 256 501
609 269 436
271 585 732
227 773 236
367 608 211
447 729 482
402 316 -26
940 822 -5
318 132 461
465 792 131
196 583 614
597 949 588
35 987 967
140 852 397
126 594 936
662 96 779
178 134 482
573 48 919
831 330 639
487 814 889
16 937 211
331 783 359
348 127 492
7 412 706
656 622 319
192 533 43
277 842 71
650 945 996
994 993 245
75 534 -60
135 145 38
395 955 -16
712 289 721
660 873 296
194 923 711
765 969 345
302 206 994
167 571 270
648 222 453
560 24 -24
292 319 365
267 262 171
197 316 632
414 77 523
599 349 563
181 435 392
931 76 716
132 997 886
474 431 233
371 985 371
514 795 961
305 596 695
435 651 440
200 359 654
94 656 181
329 419 125
384 562 203
788 171 305
658 457 895
842 836 259
551 26 87
726 189 628
165 955 996
710 851 706
662 235 352
958 798 155
504 830 431
944 22 526
205 293 661
426 345 -90
416 779 103
22 604 412
728 672 642
882 46 56
889 425 917
460 299 920
598 792 754
586 721 358
688 104 871
817 857 462
234 795 415
205 124 879
175 449 50
447 913 324
170 585 599
704 27 932
55 822 80
528 344 -62
176 837 437
140 451 946
391 578 500
357 742 45
916 770 169
462 188 245
184 602 443
699 4 997
467 738 958
782 23 228
492 960 750
161 728 -7
87 460 795
420 603 203
163 798 376
516 866 674
829 557 486
248 246 -25
811 669 450
690 262 779
711 85 -41
128 568 543
79 54 74
392 18 681
807 215 -10
177 360 -45
700 995 658
794 968 506
125 101 800
976 262 230
237 723 678
609 240 246
29 458 151
621 452 622
722 832 378
304 781 683
119 350 816
162 763 615
114 122 969
850 369 686
746 674 585
182 421 579
462 92 -89
889 689 334
788 471 872
994 909 363
511 776 411
869 882 960
698 471 288
56 288 966
849 453 -1
28 514 482
838 361 368
74 28 354
968 447 763
234 230 239
504 520 108
137 733 -87
524 627 157
338 166 888
314 399 438
618 962 798
69 144 -6
949 33 549
128 378 144
932 425 638
612 809 806
330 669 601
389 414 33
860 404 936
252 337 31
366 848 407
542 128 473
431 750 949
23 488 70
722 365 978
933 426 729
711 986 651
385 981 -43
870 674 -70
105 614 191
522 48 284
207 275 518
893 915 981
546 793 941
311 438 -66
395 646 935
666 337 855
392 758 869
596 20 725
94 26 629
59 328 999
898 839 124
83 764 888
647 364 369
22 806 905
802 478 480
618 19 166
889 874 308
897 397 609
988 414 470
581 840 -23
121 299 362
638 779 776
301 304 388
517 311 572
678 700 121
590 573 462
361 354 927
885 421 -23
923 69 200
853 460 970
140 763 520
651 261 367
966 515 631
526 958 709
304 285 253
37 156 -63
572 882 198
475 106 26
183 184 751
289 679 613
376 972 684
504 267 329
64 816 -5
854 440 459
965 471 643
903 296 856
22 137 153
511 942 962
22 548 -49
94 927 185
870 966 149
832 478 887
998 708 179
438 334 128
477 957 879
618 101 330
811 62 805
71 4 269
471 428 710
11 664 198
404 349 950
966 740 64
851 861 57
14 467 503
13 731 521
815 36 632
565 772 859
437 338 434
5 911 196
530 232 211
973 940 631
657 624 -3
801 816 242
564 923 702
248 762 986
695 768 617
666 944 945
930 838 313
877 508 887
152 147 832
545 374 880
382 782 502
128 338 486
810 583 998
123 211 757
272 474 -55
147 683 -12
781 383 957
753 796 956
294 374 343
801 997 678
558 19 137
141 541 381
936 570 512
56 336 714
690 933 880
364 83 57
835 623 385
884 361 217
48 491 943
16 850 75
434 963 617
787 771 902
394 608 855
822 180 11
818 817 90
50 371 780
951 297 487
53 78 688
461 435 199
649 377 670
6 610 828
233 994 48
800 902 352
854 677 246
913 111 776
779 247 982
441 737 -89
332 452 160
405 275 154
79 472 484
135 311 124
37 163 527
549 693 917
301 843 147
19 201 487
913 835 91
283 751 53
931 118 675
163 174 751
438 243 220
138 913 -69
286 494 38
784 791 930
421 502 741
638 787 -50
378 992 -74
984 991 402
280 612 657
926 891 631
784 129 73
727 247 45
262 309 526
708 642 720
421 1 763
411 215 54
497 805 888
146 73 813
382 890 471
46 403 681
285 681 -90
183 590 963
515 626 174
665 570 909
431 682 790
687 262 513
969 86 -63
450 944 373
1 497 29
446 449 223
391 736 196
116 645 262
307 216 966
528 338 608
476 26 111
902 974 892
484 167 -73
694 602 555
253 127 373
331 428 -1
494 879 735
557 171 806
672 824 808
684 685 758
552 598 773
244 307 36
507 42 800
770 110 919
692 527 595
90 722 380
325 258 996
486 821 -19
134 11 903
270 146 876
723 156 65
273 996 132
239 259 966
586 920 464
232 184 901
256 827 487
705 530 998
18 128 887
868 278 658
481 930 719
379 203 310
372 871 790
803 187 720
720 138 723
381 274 748
727 964 269
302 975 646
241 348 290
71 627 737
812 738 593
817 489 335
199 357 788
587 179 906
632 149 716
477 654 499
877 723 -4
740 229 190
598 29 518
564 686 232
404 670 340
916 309 214
244 830 278
435 324 483
487 556 799
652 52 548
244 278 951
178 960 987
499 607 387
939 500 934
431 266 786
984 298 499
783 160 471
971 207 258
912 562 -51
314 934 800
634 318 61
805 171 465
427 974 997
248 249 157
433 628 198
42 651 117
701 113 739
882 242 832
959 947 20
419 186 943
655 573 39
69 582 723
600 260 254
413 886 569
594 21 935
845 463 -30
80 519 339
406 886 999
206 716 294
866 749 699
542 916 -15
283 2 23
151 453 697
133 974 915
844 86 886
180 866 692
322 676 830
293 223 707
518 349 561
484 875 640
808 995 993
203 960 973
198 792 980
874 919 357
297 168 126
974 193 416
299 798 86
814 407 104
532 591 1
615 434 993
313 135 768
295 259 909
268 563 29
834 946 195
864 485 119
693 214 63
389 436 987
826 983 646
619 575 -36
909 30 553
481 419 294
155 978 528
574 559 781
522 745 431
41 673 203
810 494 379
101 230 -93
793 387 -49
282 729 777
156 632 261
253 469 979
93 44 195
557 289 630
3 408 1000
422 146 157
810 882 442
610 672 143
812 985 424
803 617 -78
583 390 64
854 278 776
89 865 581
724 227 342
34 454 686
977 266 892
25 244 242
595 495 148
34 786 23
714 298 745
650 544 565
516 540 283
195 234 407
320 442 214
550 428 964
991 433 68
629 315 670
153 785 440
492 475 557
407 114 583
152 387 890
470 335 -63
118 166 121
317 295 595
968 143 891
690 560 131
628 453 676
218 182 827
412 403 175
112 340 731
931 42 807
626 84 154
517 865 87
50 557 440
565 767 185
497 472 7
991 375 979
891 304 -26
378 441 548
477 988 174
103 546 128
487 39 -99
600 419 888
824 680 102
939 903 114
468 609 915
182 757 968
620 965 565
281 155 241
984 404 349
491 952 -82
718 779 538
877 161 757
537 361 954
945 242 296
592 560 62
31 114 266
607 41 207
760 648 922
584 424 -8
191 887 685
655 452 963
294 237 447
956 985 132
745 89 363
346 619 808
970 27 1
265 295 490
352 672 -5
754 822 86
138 315 894
727 971 366
700 276 823
646 507 301
616 872 753
121 620 803
253 593 896
141 983 709
963 384 4
503 629 535
373 505 578
847 532 57
97 758 83
545 688 282
587 180 446
990 685 934
928 874 971
35 810 742
269 214 16
148 678 568
980 325 927
886 15 -13
84 478 350
361 203 898
167 439 38
373 126 310
123 212 268
225 925 43
168 575 733
680 607 805
404 441 214
906 484 546
680 850 301
309 377 126
294 481 910
335 728 478
579 301 620
596 630 536
29 406 297
883 469 676
234 250 -8
561 890 739
508 417 947
494 655 631
700 332 983
197 500 920
700 810 823
749 776 911
762 7 562
679 288 314
673 751 378
825 269 807
423 764 541
143 267 197
750 346 876
302 382 -92
333 874 680
140 162 196
866 585 525
982 709 621
145 574 369
958 51 517
456 270 972
701 998 853
109 465 866
548 86 384
934 379 755
799 200 720
616 490 297
967 655 292
994 144 102
238 798 246
67 844 757
62 733 527
630 734 367
928 123 380
33 957 931
258 144 -55
788 811 312
338 788 69
596 77 757
392 758 488
340 51 -36
556 105 862
197 478 387
509 90 56
848 216 579
732 471 162
345 666 129
515 504 687
945 154 441
531 746 350
626 90 605
661 795 730
211 478 -9
446 393 790
350 221 265
966 494 271
927 585 455
82 845 837
27 501 561
869 958 12
365 558 90
163 853 623
631 485 466
729 243 839
227 169 61
377 950 638
818 264 670
781 136 624
513 851 917
383 726 122
897 147 866
843 213 19
186 188 777
264 920 43
339 585 348
544 297 325
199 209 67
907 160 440
826 705 651
670 708 160
840 463 731
343 968 174
990 117 724
148 223 375
770 590 126
277 498 147
347 612 194
333 372 839
458 555 232
394 677 578
497 292 947
604 705 871
484 89 -55
944 58 753
920 54 183
26 94 403
709 553 412
626 532 870
777 476 557
77 22 -45
930 115 357
566 254 876
357 239 918
721 815 371
590 606 -8
345 338 576
424 237 182
880 461 19
430 176 109
629 179 -89
318 885 672
958 117 24
614 850 -56
344 505 -96
427 240 82
318 80 605
972 335 959
288 520 102
598 910 958
745 279 408
430 445 271
864 826 1000
887 480 111
607 268 151
743 915 913
734 378 139
445 399 518
495 858 575
224 886 278
70 538 622
796 826 895
162 833 496
408 32 718
329 264 162
535 989 162
167 640 254
584 999 776
534 941 479
577 300 663
768 135 513
641 177 -53
202 761 342
180 468 103
361 552 713
708 96 295
748 116 444
501 162 -61
678 225 367
833 822 776
509 507 124
89 807 768
839 642 -48
849 975 64
480 836 905
339 575 454
327 745 676
810 362 114
64 9 709
421 90 86
558 185 606
478 202 751
79 314 701
110 822 -54
617 237 632
874 348 426
943 8 693
902 553 95
95 758 532
573 179 -10
688 621 531
397 324 976
716 46 -76
725 525 533
482 621 98
128 645 -66
944 89 -50
738 888 23
26 463 906
38 990 -34
851 552 658
599 458 771
9 420 821
327 84 90
148 926 0
373 487 640
550 710 581
699 803 -78
39 375 933
255 474 520
206 760 147
145 845 629
72 355 150
246 291 48
636 654 444
704 623 59
450 259 693
637 503 470
609 13 502
981 837 118
701 728 220
348 635 150
113 154 269
875 693 886
721 323 273
853 138 599
786 435 700
311 182 176
46 146 311
262 937 281
896 737 460
799 822 455
573 404 -68
780 655 970
119 128 813
325 147 -75
393 174 741
864 524 627
174 363 950
985 733 423
24 245 88
710 634 605
648 73 556
116 84 926
513 195 596
263 585 361
425 859 681
228 996 959
238 177 392
519 463 575
986 208 995
224 474 303
364 49 61
231 590 540
33 963 605
414 234 441
107 698 401
53 24 -46
865 126 946
511 700 728
196 625 879
800 783 124
858 848 -62
823 833 764
367 354 461
540 627 103
962 387 -99
215 793 349
450 511 615
893 429 460
753 530 754
78 984 622
129 759 28
779 643 422
437 988 545
902 645 483
855 102 -39
487 298 29
240 532 907
851 984 87
10 14 309
457 97 796
893 696 90
697 677 65
875 971 572
227 960 22
900 613 342
182 193 236
902 27 -74
671 661 688
943 52 167
465 752 733
547 586 738
836 398 668
295 422 203
3 287 436
990 739 -71
538 355 887
854 848 160
6 57 257
797 40 205
635 387 519
773 676 -11
73 778 644
712 966 298
229 657 -13
412 318 -50
35 560 544
694 561 168
647 891 999
160 4 919
413 172 851
941 361 268
248 34 177
523 281 370
855 663 -84
798 135 983
975 863 -46
141 736 24
732 760 -66
505 142 413
492 158 662
392 535 -35
933 680 310
909 763 829
247 790 125
519 431 26
724 741 155
352 802 165
241 396 687
310 48 954
360 728 994
423 770 402
673 534 323
422 805 387
251 177 -89
300 28 319
11 336 464
653 501 76
716 192 815
548 610 679
689 378 54
220 449 827
690 565 405
585 626 478
8 872 770
541 423 -99
748 203 60
888 281 589
545 644 48
38 333 113
802 501 -79
834 160 497
888 794 447
790 302 832
672 626 285
137 606 927
85 582 325
426 673 906
692 973 167
712 176 155
513 998 295
454 591 214
446 6 27
234 360 506
0 60 -74
910 810 28
112 37 884
134 404 -72
166 834 370
439 50 40
312 630 594
961 481 356
16 596 656
985 679 800
373 648 53
225 638 269
210 699 69
787 664 -35
955 693 284
767 946 308
39 799 397
467 935 157
831 248 777
903 945 875
815 449 836
165 353 684
979 867 951
657 309 651
867 949 406
127 900 554
568 474 894
984 478 523
990 57 323
72 598 595
713 586 685
461 34 330
824 381 622
149 296 36
596 486 922
60 302 290
201 664 -91
987 576 457
597 855 139
184 261 192
812 831 944
998 677 403
886 794 308
705 63 715
192 551 820
449 551 108
234 778 970
720 768 -95
53 39 513
153 27 305
815 844 530
36 573 822
648 494 81
682 215 437
306 24 985
634 510 662
941 935 487
239 19 956
118 848 12
131 300 331
647 530 386
155 292 735
982 575 311
181 386 623
93 694 392
211 355 416
425 232 808
621 804 -7
16 515 516
326 913 398
195 602 899
902 391 32
353 566 477
721 736 868
642 278 772
870 315 567
667 301 -67
3 51 379
266 595 676
441 651 266
1 656 541
941 570 668
792 733 987
769 309 703
312 412 763
205 892 554
611 574 -3
373 109 286
172 543 -11
437 855 237
391 809 825
656 927 920
135 592 714
956 48 554
319 346 126
743 323 349
65 67 837
151 49 862
31 217 337
136 355 976
454 755 774
432 506 402
68 882 794
416 153 -41
864 489 822
719 309 848
565 31 845
967 65 830
160 328 164
989 915 622
532 298 669
580 843 487
907 614 605
874 477 355
445 324 48
791 894 748
949 333 898
858 163 105
31 193 918
174 651 -99
160 649 689
262 95 663
284 730 587
460 259 498
873 149 918
894 851 496
115 452 729
44 658 355
357 789 846
551 841 954
263 483 113
493 371 -20
719 659 562
86 246 710
137 946 198
890 398 164
3 308 759
739 684 867
35 39 270
59 933 487
93 805 417
175 431 749
848 963 919
916 154 464
800 136 717
579 598 298
58 282 512
421 317 437
370 454 142
849 725 854
535 501 778
81 110 701
256 176 492
59 883 620
275 23 431
130 69 220
808 141 -91
539 44 199
911 621 236
815 353 471
299 301 464
765 535 -60
396 64 -82
857 998 644
307 897 612
571 941 -27
160 623 10
236 520 834
555 139 756
787 779 141
49 326 490
706 180 -58
15 297 430
418 253 409
917 23 609
501 437 980
44 92 424
84 120 621
815 882 903
430 605 717
391 633 111
129 549 761
850 613 755
242 633 310
630 519 115
327 871 303
746 235 577
367 799 403
698 159 508
168 175 832
456 189 76
137 372 936
966 770 688
403 376 484
888 885 930
380 665 829
430 541 505
952 152 517
276 533 158
747 685 105
956 649 745
876 659 742
785 446 926
279 980 463
418 76 684
515 591 630
168 840 -59
158 858 -44
726 876 53
953 5 688
648 878 216
385 611 -31
440 3 200
261 741 595
609 11 48
297 466 544
477 885 467
256 973 361
941 656 205
573 792 560
260 217 931
419 762 460
293 654 51
977 692 221
310 820 -68
116 418 811
928 131 210
887 530 400
600 337 -96
724 502 151
932 807 205
734 622 721
629 353 368
104 406 561
513 960 313
965 669 769
825 95 276
973 281 181
671 403 392
478 699 647
462 979 677
220 344 941
545 10 705
80 309 333
380 100 560
155 216 103
386 950 372
327 885 582
869 998 919
244 288 229
173 283 844
154 138 601
425 834 342
585 740 487
689 368 162
827 40 362
96 37 320
503 665 732
638 735 175
930 870 879
169 683 178
820 301 969
882 59 730
936 470 601
155 119 923
233 82 230
390 376 55
299 470 -9
328 582 455
212 98 18
877 457 -57
533 105 499
729 878 227
314 547 728
262 726 554
960 575 493
754 989 123
781 831 148
690 276 920
555 465 909
147 619 709
261 593 724
211 843 488
733 854 3
191 734 125
340 703 867
783 506 238
535 519 -52
659 328 467
287 962 368
640 658 916
400 252 759
399 810 347
978 433 307
584 95 70
173 388 342
97 144 -31
273 423 777
47 181 526
950 598 68
410 256 75
90 917 999
514 597 936
251 869 252
530 608 67
113 23 790
49 457 144
79 956 -74
133 854 231
1 379 657
550 537 871
955 537 495
912 652 52
728 109 270
639 438 945
54 323 -46
701 738 185
404 14 -53
853 31 747
833 793 450
154 120 204
878 137 -4
150 999 187
384 237 804
818 465 731
975 841 715
163 168 36
576 173 418
340 234 7
857 593 812
540 70 397
342 597 557
70 687 30
746 384 282
362 39 890
749 795 768
739 765 919
19 491 902
307 862 136
950 331 367
600 365 160
948 925 406
924 119 729
46 224 842
197 939 55
839 179 951
282 584 -73
247 643 360
276 719 -16
140 557 -26
597 267 161
273 628 469
952 435 613
785 119 259
352 52 380
273 290 269
561 145 117
266 38 335
387 317 731
645 305 -61
86 795 482
365 847 935
416 762 233
299 616 733
738 3 22
287 83 94
799 264 -30
972 721 271
557 277 815
653 887 579
37 11 231
109 605 -67
777 137 156
406 390 -59
430 164 99
607 8 632
297 940 480
675 334 896
453 730 58
880 997 241
139 230 36
79 940 557
834 185 418
287 758 -94
72 621 56
130 734 433
638 218 541
949 896 558
926 923 -86
48 251 609
993 262 609
948 881 101
495 831 700
91 13 164
135 210 491
829 712 14
797 918 480
259 347 846
790 497 802
629 940 120
215 628 861
570 106 -49
428 904 364
29 979 745
110 455 907
115 794 96
739 52 471
7 653 172
528 675 513
572 537 984
466 88 670
415 396 742
882 900 949
119 993 447
260 270 803
234 619 900
634 318 42
483 127 792
94 359 197
963 113 520
784 44 474
389 225 878
124 501 587
659 387 956
704 112 714
590 656 867
802 328 774
176 561 628
354 930 473
859 958 827
17 983 468
642 9 -43
9 4 -16
460 359 -84
531 132 82
7 778 848
769 604 243
720 296 598
733 816 947
735 457 3
93 699 921
162 295 180
981 612 180
535 934 761
307 897 732
792 263 -34
137 714 272
208 408 952
989 253 92
172 387 247
616 26 230
502 389 669
330 815 -26
429 291 180
793 993 446
452 872 568
98 480 924
130 107 455
351 238 -98
231 463 203
313 108 450
941 831 995
763 131 806
593 992 -23
389 862 236
386 441 484
939 327 793
822 640 663
762 294 344
517 440 744
219 316 331
195 291 278
171 780 987
802 796 181
17 283 15
255 748 796
457 668 548
446 162 641
284 208 844
914 304 -1
940 201 799
232 533 185
862 25 345
823 277 436
360 153 987
434 664 31
377 175 476
988 617 342
629 61 7
225 666 329
20 165 43
266 490 377
436 94 27
115 765 311
285 751 456
523 441 374
240 65 637
87 260 324
691 595 44
292 271 613
895 670 797
321 286 723
982 997 701
899 110 -56
407 384 1000
553 542 944
896 433 750
270 246 906
314 923 282
167 224 574
715 569 544
199 921 581
171 306 330
299 507 184
991 767 -69
573 574 667
539 852 421
192 302 897
814 480 268
845 320 995
353 803 -28
180 103 -32
439 223 605
581 131 636
797 898 532
495 351 883
259 965 213
938 708 192
60 770 835
854 148 263
344 254 558
1 146 628
248 253 564
876 542 639
233 509 230
334 103 478
262 467 86
485 411 -2
276 361 415
731 54 682
50 48 66
532 295 889
955 778 746
696 197 450
175 361 189
891 19 -26
154 819 162
149 75 631
862 216 294
834 227 755
859 904 136
801 409 -63
977 483 104
983 538 377
549 889 501
223 454 706
621 281 458
984 180 41
674 419 160
930 378 394
954 8 747
57 190 480
468 997 777
6 740 262
317 221 542
641 750 -75
64 74 265
665 569 535
868 853 262
875 444 311
622 107 129
268 497 456
616 631 458
689 201 407
331 624 102
902 308 454
850 933 11
724 914 5
295 259 620
476 282 456
560 783 814
