1000 4000
259 153 47
210 856 124
425 817 208
710 346 769
394 221 823
205 811 770
580 88 294
458 369 155
365 861 352
194 272 523
318 315 59
204 285 314
301 328 668
857 995 347
341 76 43
452 797 847
423 959 543
394 971 979
623 356 578
144 97 733
453 139 417
677 604 99
444 716 572
232 754 646
761 68 381
363 571 655
159 911 681
215 851 899
46 822 768
905 666 500
779 761 -58
859 386 599
648 920 223
802 647 97
15 654 483
708 210 856
355 786 899
760 956 741
319 966 -66
398 976 350
692 203 911
143 821 852
844 930 818
783 322 23
885 60 351
337 865 870
843 263 786
226 955 9
497 356 784
770 926 811
223 1 630
939 453 873
697 418 -1
87 557 995
402 972 304
159 884 58
419 296 340
428 660 60
991 192 59
722 580 206
949 719 354
250 771 553
657 4 938
106 260 335
801 526 788
363 991 578
174 644 380
879 643 842
81 130 -88
687 320 106
43 458 217
123 333 70
321 465 922
542 869 -83
730 454 213
703 16 189
117 329 825
247 362 416
69 66 800
323 400 361
794 583 525
793 31 888
415 642 73
665 921 687
288 152 167
795 783 222
281 52 89
767 771 579
972 649 512
994 804 754
438 954 588
449 37 430
534 961 936
935 672 240
322 193 279
178 832 676
847 235 906
696 170 270
218 543 769
263 248 143
543 982 76
792 350 486
856 743 541
484 268 25
192 114 94
960 211 122
767 72 212
86 454 160
951 176 591
577 916 202
14 300 -28
392 208 714
309 254 900
651 678 287
923 130 992
998 205 656
47 631 306
967 342 228
446 533 -11
552 171 371
614 315 805
455 740 826
130 569 481
681 634 726
809 957 930
105 117 927
820 862 -65
6 116 -28
87 914 532
452 749 243
778 752 201
670 196 925
771 280 315
31 934 298
565 124 -71
261 882 813
879 355 780
77 939 657
202 961 -10
493 144 784
699 702 67
33 22 -85
574 100 464
743 109 760
38 443 245
765 669 64
439 271 104
784 847 749
844 38 695
189 565 116
597 161 280
182 741 -89
234 99 540
377 520 798
831 89 269
670 938 374
690 554 281
120 11 500
952 652 243
274 714 229
115 670 851
45 757 206
609 776 153
398 144 633
714 873 347
292 249 334
130 981 300
500 514 1
797 176 336
849 310 909
346 682 451
370 417 366
185 66 7
410 895 891
100 666 -77
205 295 987
164 542 380
685 613 119
146 966 885
687 550 173
944 538 139
786 60 876
978 801 594
246 759 540
157 124 789
902 528 5
842 167 833
243 21 889
538 895 -99
152 749 455
328 879 145
845 4 907
926 331 502
55 287 667
872 477 101
482 890 800
494 783 157
400 684 630
129 671 677
717 314 612
396 346 838
882 887 354
32 275 -64
289 38 535
22 461 154
644 491 985
429 102 499
11 245 426
467 882 613
247 190 19
413 867 122
50 581 869
343 575 451
329 933 165
468 35 50
856 120 820
924 842 692
429 245 430
764 780 215
339 396 739
366 769 699
52 970 156
33 222 213
659 195 591
497 4 602
846 727 -21
401 602 897
220 307 597
50 519 80
825 342 577
850 711 -81
70 785 799
850 681 518
419 634 102
78 415 277
655 963 321
320 91 -60
730 806 -78
639 187 -23
740 928 459
584 468 89
970 346 427
452 103 88
985 110 -31
918 730 463
700 661 941
637 204 96
554 961 555
481 487 186
438 321 296
138 899 955
204 297 238
420 508 67
641 658 730
247 163 836
738 277 60
159 520 890
117 723 137
776 246 403
896 808 134
716 213 661
577 387 59
831 444 709
211 995 393
462 92 658
877 364 -95
904 431 623
43 603 41
551 281 870
126 18 -49
133 118 22
737 518 333
566 884 124
254 429 353
836 848 719
35 550 15
308 402 590
379 568 741
521 741 372
641 962 496
185 703 460
922 780 201
388 222 220
233 678 700
536 88 322
384 543 533
805 811 772
33 55 305
134 167 -17
672 100 829
240 601 281
308 446 519
93 17 529
631 822 468
156 862 7
123 744 33
129 488 394
224 719 642
562 370 472
890 779 518
264 358 345
984 594 617
587 382 896
387 955 997
812 842 687
204 293 650
649 574 519
416 844 80
962 912 809
877 480 987
128 526 710
691 695 84
177 995 305
433 435 761
526 416 385
787 822 958
304 569 4
567 483 0
990 888 182
86 838 276
477 708 797
370 955 616
14 581 501
14 98 874
370 32 345
217 205 737
713 932 574
249 430 867
796 927 414
604 944 467
675 509 271
740 257 480
794 907 188
925 538 417
598 918 174
169 568 -6
367 231 993
385 444 412
576 613 164
744 332 280
263 850 786
274 529 892
327 946 666
58 411 570
460 117 881
954 434 249
746 563 882
853 111 327
353 315 840
765 294 363
1 776 368
607 615 541
171 479 287
775 593 867
78 49 418
180 48 274
944 400 435
507 50 190
837 933 266
514 899 178
145 513 199
172 284 284
313 452 183
875 14 87
364 754 243
322 631 19
493 130 138
337 70 380
144 413 880
286 628 173
727 580 304
478 281 678
460 957 645
843 244 388
388 328 68
131 112 33
289 239 793
695 117 155
220 978 729
723 305 597
13 310 71
439 386 247
615 58 -100
71 291 -53
164 269 669
494 41 65
438 18 16
97 403 863
878 585 976
888 790 573
716 697 621
340 836 -55
973 831 840
473 174 577
487 117 259
640 555 794
630 678 37
458 339 896
248 198 641
124 573 898
262 82 801
867 904 596
676 80 470
610 205 873
730 561 54
650 158 367
749 508 -57
315 667 357
175 808 -33
203 691 116
248 561 74
50 597 -30
752 741 60
840 169 807
862 919 638
821 165 -57
554 109 529
927 589 341
171 326 288
358 165 499
27 726 125
810 388 704
473 156 902
48 863 -38
274 861 64
911 565 899
509 437 828
692 752 920
998 260 966
375 812 288
790 605 21
303 408 234
874 762 415
435 761 -21
14 818 -84
550 434 512
741 675 460
116 999 636
439 567 769
897 607 938
677 800 170
597 319 727
979 962 -16
495 836 -33
989 904 216
480 700 227
934 887 704
227 583 960
348 360 777
828 934 177
799 831 67
239 545 862
834 645 -4
977 640 744
967 729 950
591 365 649
49 65 923
137 212 518
493 87 204
988 284 847
647 863 532
14 837 869
16 669 791
93 680 -17
119 184 597
36 166 739
746 867 480
869 377 26
275 523 808
927 598 152
766 507 24
811 601 522
75 607 715
511 473 381
667 415 949
264 628 121
810 733 474
0 725 990
408 545 927
835 977 -7
753 964 468
471 566 88
949 591 -78
774 575 44
381 597 304
664 508 309
403 406 133
426 335 981
636 55 318
200 781 267
173 152 661
803 329 41
772 878 253
899 316 685
131 572 204
287 641 856
717 200 94
274 870 797
384 882 385
820 835 29
11 459 21
895 29 450
241 43 34
20 393 583
894 628 -52
390 762 56
940 850 89
295 67 479
443 938 195
262 151 982
636 677 674
799 506 612
297 670 753
427 931 523
978 141 405
239 268 521
777 739 622
254 42 286
382 128 758
645 550 816
706 762 -69
679 375 967
990 811 926
197 776 450
820 177 236
447 356 155
369 278 99
269 101 551
243 991 152
547 503 954
403 183 -56
510 247 786
419 408 935
96 698 818
267 58 224
566 244 598
116 884 333
253 99 390
911 864 797
871 398 453
825 151 944
406 169 236
627 307 367
590 16 346
773 926 136
301 208 390
788 641 429
619 616 293
440 935 782
773 633 889
394 542 79
310 287 490
292 769 305
170 285 432
43 738 718
494 350 457
701 791 868
535 982 310
870 48 867
810 532 883
586 882 928
41 355 674
749 49 338
312 739 80
263 384 200
640 844 -92
666 76 850
453 505 234
706 463 701
327 607 692
724 977 -32
461 71 974
531 389 82
253 316 445
719 324 302
721 291 570
841 494 120
136 407 989
291 469 586
520 687 249
696 611 749
239 889 694
666 256 613
316 125 786
540 765 15
654 804 7
639 651 405
793 452 -62
126 29 251
379 598 78
125 835 38
384 278 -34
377 393 992
86 811 -83
964 558 465
405 798 483
372 830 996
200 991 715
355 772 382
924 701 565
730 83 542
489 315 111
335 656 -11
111 564 380
340 353 47
12 844 327
269 243 739
245 568 315
94 685 725
483 297 817
444 693 682
41 2 974
278 849 28
483 767 859
462 267 814
191 423 621
248 855 157
482 328 434
330 577 602
22 293 873
139 393 960
174 625 586
280 739 797
103 991 320
333 67 659
352 965 457
456 552 708
364 873 753
592 570 933
635 167 902
81 985 639
266 752 493
79 409 720
463 744 184
383 89 191
277 596 555
122 692 191
950 640 549
784 889 685
980 507 287
305 764 266
963 286 -77
14 422 538
541 266 852
661 963 6
808 730 234
363 494 763
636 513 391
296 985 332
431 949 577
411 742 8
829 753 873
399 445 750
675 352 220
698 70 482
327 924 618
690 465 525
597 773 244
50 643 -69
260 833 847
554 194 631
754 679 990
972 143 993
742 124 399
521 483 649
169 327 455
20 416 838
985 116 59
413 114 319
535 951 -30
243 996 543
645 937 53
752 706 -55
323 892 524
201 450 955
340 550 589
460 308 563
369 155 -97
631 248 128
639 266 687
660 336 388
774 597 375
122 609 696
699 828 592
398 203 863
751 75 726
787 863 911
823 820 315
212 292 515
472 413 864
218 289 608
970 567 946
646 256 801
475 1 -18
304 79 739
338 395 591
917 899 586
924 84 291
470 285 868
358 585 353
116 639 165
930 574 33
267 328 409
795 259 749
584 833 675
201 439 444
824 406 -31
256 96 364
854 868 786
337 291 787
883 9 83
555 990 708
228 270 784
264 172 39
38 730 547
637 960 445
653 663 464
423 939 392
110 595 184
997 756 30
150 323 111
950 618 177
555 851 -76
18 162 629
152 200 405
137 950 131
15 647 944
951 616 831
10 712 359
149 263 186
430 12 489
861 747 309
591 44 545
431 225 762
320 649 613
787 347 122
194 594 442
629 698 838
37 200 818
627 892 52
507 138 43
696 794 341
813 981 255
214 691 807
712 401 773
142 253 811
883 934 212
177 609 535
619 325 487
373 452 946
750 520 480
763 447 133
821 557 539
801 805 -29
772 153 324
206 938 330
377 570 730
440 633 481
702 768 277
821 929 -14
411 103 337
440 348 261
695 116 1000
317 183 648
657 722 230
907 898 -60
941 409 256
797 490 341
815 843 245
451 284 905
309 696 958
767 42 262
854 669 446
693 397 -41
200 47 479
441 648 747
314 865 670
841 257 -45
450 197 -81
413 4 895
144 826 443
785 478 428
345 533 907
820 577 944
487 688 -91
140 378 228
73 724 -45
445 413 908
167 604 480
203 145 733
396 773 -41
423 443 907
427 558 806
799 82 248
997 724 791
137 981 750
332 501 400
446 174 -69
726 986 345
864 979 824
938 7 642
359 257 687
993 388 162
395 891 23
767 978 667
420 133 764
442 317 620
133 532 553
844 858 504
232 455 649
669 332 706
656 385 439
907 403 601
210 770 990
216 89 -43
761 763 977
109 328 956
368 895 461
650 171 348
259 25 801
711 783 305
861 443 288
941 739 -92
41 659 123
302 892 511
373 944 369
553 773 570
999 275 132
258 636 203
300 568 469
726 146 765
684 728 268
683 697 570
392 946 665
790 448 532
549 437 752
425 124 131
358 494 47
457 494 -30
485 661 859
684 349 -90
158 161 332
607 685 20
37 5 706
170 152 54
328 739 909
617 445 123
187 276 192
623 233 895
514 135 -1
654 464 307
454 355 419
485 957 122
341 109 890
587 157 383
813 846 819
550 761 4
28 507 795
841 460 -47
395 805 879
434 651 303
209 28 195
205 286 49
470 770 522
287 280 590
294 271 538
551 517 501
343 401 549
357 32 51
769 222 868
471 885 804
465 738 972
57 291 894
263 727 971
627 965 -35
770 804 690
548 627 954
671 46 805
808 894 373
130 528 225
940 453 139
149 685 -75
325 552 805
279 976 907
360 196 847
972 550 992
774 721 736
760 734 808
718 913 -50
62 763 885
558 641 82
407 49 706
825 433 36
574 660 440
570 967 667
83 561 39
459 642 942
80 452 281
187 875 -13
540 448 743
559 919 344
447 11 923
431 505 969
922 80 -22
448 230 -82
110 91 912
385 997 437
416 866 997
911 423 689
401 137 588
514 54 59
37 179 934
453 109 819
205 30 930
251 30 204
402 350 952
444 942 28
574 431 703
264 187 -89
423 280 292
661 6 816
128 217 343
817 887 892
376 749 743
895 603 659
798 162 885
742 92 5
709 303 -88
554 376 812
598 398 775
105 404 650
167 575 634
692 685 -28
973 310 128
987 470 -63
882 567 691
811 431 38
281 553 678
52 292 984
794 792 798
327 455 72
624 958 163
413 381 40
583 793 85
445 428 184
477 467 652
544 598 32
470 104 599
422 147 340
170 466 731
246 106 113
334 628 285
584 332 -46
882 711 612
49 283 730
626 634 583
343 206 612
462 151 69
981 314 65
917 225 410
647 695 385
199 538 13
561 749 536
558 477 792
464 275 420
816 672 24
640 125 735
264 146 396
125 235 58
69 207 108
868 531 509
962 133 -30
545 662 880
906 144 284
275 503 625
394 520 270
950 758 913
897 626 820
857 118 495
423 793 426
470 276 448
71 50 807
734 813 859
742 834 834
937 539 971
648 813 807
34 929 681
174 4 286
129 221 532
177 499 558
456 355 428
541 330 326
737 527 776
895 133 872
426 167 464
755 992 1
270 562 861
415 485 523
291 546 187
75 42 -72
472 495 732
538 359 235
139 22 490
678 815 688
436 494 421
380 965 607
192 887 599
820 535 318
860 392 466
152 392 233
39 316 703
92 37 60
721 689 862
377 858 930
940 741 453
327 252 171
55 994 912
464 174 873
194 280 -99
881 695 816
731 146 370
550 105 445
89 593 672
849 199 518
747 974 -98
323 686 661
578 22 -23
644 84 704
785 967 -97
322 114 52
205 979 707
388 122 599
435 176 895
251 122 805
420 559 448
559 675 687
890 126 574
746 546 336
66 439 180
923 205 308
839 250 122
284 516 837
890 178 944
761 322 515
295 827 55
554 261 161
283 228 496
87 445 157
944 574 385
165 416 499
171 79 628
366 954 80
950 461 239
378 512 144
411 486 553
335 158 877
824 175 985
174 604 487
245 21 572
581 703 698
75 287 673
99 526 479
711 954 314
99 216 716
196 60 -59
947 895 228
988 443 85
557 4 358
830 411 28
478 229 244
399 394 630
602 989 416
261 936 790
280 544 505
463 193 149
758 187 300
140 804 514
126 54 267
990 575 495
153 740 667
971 889 487
624 542 -51
324 639 139
981 825 439
285 253 560
124 524 389
169 612 645
242 559 495
345 556 475
862 85 518
392 73 659
944 967 996
600 896 620
921 870 804
844 651 586
543 26 360
111 282 926
860 136 838
89 287 816
597 413 139
93 425 169
551 97 34
938 411 254
805 28 249
468 890 479
112 338 367
713 606 959
619 141 931
113 104 218
436 161 940
786 999 660
489 531 180
386 828 598
576 360 801
604 637 -56
127 409 -11
22 584 144
649 927 694
756 19 609
373 359 240
940 824 492
563 424 754
994 987 844
364 415 187
809 132 462
756 217 894
206 17 606
664 707 816
653 98 771
838 335 701
827 904 38
109 711 249
773 96 166
971 633 -27
686 307 587
732 774 417
705 790 170
161 53 580
600 671 764
789 113 159
793 707 477
951 55 387
39 586 901
546 338 289
33 954 -21
255 399 731
313 106 15
113 897 788
387 952 283
818 457 -82
349 136 63
634 962 533
94 412 358
791 923 -10
644 838 593
540 497 823
953 423 432
21 540 447
908 790 1000
316 7 641
191 30 926
828 413 302
510 109 18
417 704 978
672 314 481
968 887 360
794 59 152
710 778 677
372 108 805
935 519 519
193 410 -86
872 558 185
458 594 715
543 811 658
684 708 796
842 404 969
919 638 320
70 524 -71
332 632 750
637 855 858
260 634 584
442 278 536
947 646 320
123 372 385
343 936 808
577 289 994
329 224 837
527 453 86
722 490 281
6 241 698
214 687 805
703 804 -35
65 254 248
287 615 129
225 934 23
518 601 880
647 946 752
425 485 122
794 684 475
643 392 -30
645 858 716
13 716 223
53 713 828
334 923 599
395 86 991
922 161 822
150 189 714
533 117 198
84 483 545
759 233 684
459 633 7
709 124 983
613 712 238
206 499 329
819 45 17
836 969 220
645 664 726
706 898 582
569 34 699
506 699 773
459 137 343
421 187 631
560 203 900
20 284 39
344 781 871
904 313 284
602 871 721
303 877 162
228 229 404
858 153 869
655 217 425
470 739 76
301 745 -11
381 49 103
436 769 625
395 196 -27
628 474 522
357 975 558
722 894 92
777 96 212
908 347 264
211 131 151
975 992 -20
596 763 375
711 812 703
674 815 766
48 444 770
791 239 191
666 484 666
661 220 692
659 910 729
710 111 599
662 697 633
382 40 837
760 822 909
422 799 190
804 944 822
830 337 417
594 660 128
812 817 229
331 886 105
511 600 486
449 932 899
868 132 66
437 948 651
871 504 456
800 985 -4
516 667 559
179 876 -36
557 504 286
721 504 -98
828 314 31
479 709 999
334 303 603
911 132 609
720 643 408
720 19 993
641 522 383
448 168 105
15 849 605
393 340 151
106 933 114
217 473 -41
476 996 297
897 722 -88
565 45 639
328 953 334
590 623 -71
538 137 -20
619 870 724
193 443 317
839 353 472
872 212 93
651 426 289
995 835 118
24 596 959
78 206 787
197 110 384
298 921 790
174 817 864
761 502 -95
46 276 700
851 249 -52
199 235 -58
347 526 978
768 487 127
119 302 179
344 806 941
932 852 569
638 474 59
167 260 422
496 965 807
967 569 615
416 330 -25
742 625 403
463 563 528
691 688 -32
107 440 576
55 441 309
347 818 954
482 354 905
798 29 645
939 439 -38
188 155 -31
834 425 736
929 301 875
584 102 432
14 550 314
738 392 161
404 569 453
11 235 569
380 771 586
141 954 392
861 963 93
820 279 -10
890 389 715
175 944 931
139 996 769
281 169 127
77 898 313
320 267 698
490 593 621
57 756 127
630 953 913
191 519 -1
643 423 233
100 715 236
68 709 896
890 964 243
124 854 245
65 285 -46
771 793 251
689 213 583
861 313 852
987 549 539
707 71 419
388 743 829
978 787 244
274 617 62
675 186 11
334 536 966
111 323 488
972 385 -19
185 980 -47
217 770 462
712 780 373
30 679 544
208 386 888
832 169 530
14 886 422
564 612 411
843 717 908
517 762 594
18 293 910
433 900 780
243 601 269
118 669 6
257 219 -44
489 597 -21
521 962 705
421 862 613
265 860 549
152 24 229
48 140 756
599 75 -82
65 578 63
436 729 140
271 294 514
32 429 33
194 395 283
835 421 518
674 727 375
674 139 150
90 324 309
434 364 660
998 60 199
490 648 -49
130 895 55
76 692 -74
552 639 909
925 76 330
612 850 -2
254 909 864
33 601 527
724 795 3
869 431 26
900 67 943
758 937 597
795 118 754
515 446 266
161 581 439
273 715 369
37 966 -36
588 990 857
38 433 314
521 805 733
13 498 215
954 343 375
102 321 462
521 43 688
833 749 479
155 585 873
182 803 437
283 860 314
165 738 -76
13 410 140
482 530 487
815 159 95
438 511 344
820 964 496
843 263 489
245 578 992
651 399 750
483 756 20
152 101 596
763 905 865
512 393 772
294 653 130
621 929 537
654 481 602
580 249 121
415 239 214
451 804 302
77 402 592
526 228 736
576 246 122
929 794 284
21 31 992
620 730 286
18 396 261
697 989 -98
301 889 397
703 91 211
86 876 -76
712 305 -73
948 98 754
683 284 658
641 469 554
895 661 369
173 413 179
562 140 238
72 612 359
367 907 283
734 1 72
345 848 511
261 592 -5
341 393 151
249 726 602
524 83 -6
285 726 865
530 672 821
704 108 287
137 356 -26
842 317 -86
629 207 501
818 73 6
34 978 496
117 933 1
928 996 248
63 826 830
434 134 -67
774 180 642
913 0 113
487 214 -60
419 621 575
557 248 -60
169 645 47
230 386 844
752 923 233
135 939 196
171 104 514
114 793 570
273 823 -74
417 26 25
17 311 971
301 332 425
802 487 434
943 777 656
872 472 420
563 954 -49
97 310 -4
115 597 455
463 230 273
823 533 866
224 983 381
327 21 620
340 706 568
84 520 -78
704 872 182
766 704 893
292 231 567
674 207 593
472 342 136
738 261 -34
934 228 314
916 577 633
709 977 163
705 722 920
513 369 361
258 581 246
650 842 762
825 974 532
620 339 -62
59 833 247
814 640 -45
115 279 217
967 871 796
720 676 442
733 102 731
228 237 872
323 259 837
26 146 915
847 151 546
673 79 197
60 478 280
529 840 786
969 55 151
297 110 324
879 618 511
243 541 81
374 566 886
503 924 697
783 377 725
514 922 883
945 640 480
712 772 929
731 787 914
96 581 355
894 777 437
557 56 494
842 229 596
753 961 952
980 918 618
996 904 -57
881 162 -95
374 84 949
423 216 967
436 132 646
929 634 993
752 291 357
646 0 -57
501 91 635
876 704 931
923 137 541
605 18 823
759 678 161
724 124 953
986 272 290
981 770 -14
279 605 948
363 919 879
807 449 441
404 825 -33
725 972 759
317 204 803
367 585 434
321 161 191
670 489 542
398 344 765
586 888 438
330 854 -84
630 938 355
216 970 280
575 784 669
717 570 305
457 260 352
564 749 216
877 116 773
443 4 548
847 82 150
362 670 594
49 394 577
310 852 349
594 557 850
459 596 237
509 68 382
463 632 618
718 327 763
639 174 314
786 925 727
687 403 824
249 118 285
200 873 944
647 625 757
753 95 116
522 246 469
760 981 568
294 282 556
996 112 912
848 333 411
521 920 247
423 492 423
28 285 485
860 251 283
679 366 784
503 753 -86
606 980 732
237 749 82
305 546 84
718 601 437
826 11 803
730 399 113
691 495 81
536 735 -45
761 237 -50
215 243 557
866 45 583
816 983 906
529 963 706
99 128 823
786 490 957
534 688 749
190 253 95
495 239 68
422 699 698
137 348 40
836 553 471
42 763 58
541 118 721
143 222 63
945 868 870
28 635 433
617 151 363
697 592 357
321 621 658
994 738 1
232 745 391
503 746 525
125 194 797
275 71 90
860 475 831
119 447 118
383 591 55
898 189 -93
785 684 915
707 576 572
479 43 440
530 190 -5
207 953 981
570 492 804
139 553 205
886 294 -53
689 284 110
991 222 812
167 827 279
465 125 149
717 682 168
660 51 106
169 315 703
726 200 955
326 191 675
887 502 769
83 815 220
836 352 242
502 201 138
92 256 296
794 716 832
79 982 153
935 841 616
16 121 854
596 318 588
469 701 922
546 930 602
960 71 389
999 627 357
925 308 355
503 939 372
365 417 37
901 759 462
153 821 432
631 997 341
787 35 244
688 82 859
5 593 969
760 568 850
274 907 655
801 159 -54
549 316 637
990 789 949
18 242 279
672 356 901
925 710 287
677 355 358
414 262 845
994 905 -12
132 864 884
290 416 488
9 164 820
64 719 -14
700 82 109
382 57 356
168 589 437
37 649 873
576 265 962
883 637 280
703 198 169
869 219 196
626 896 883
197 275 375
622 780 -63
772 590 493
93 37 525
360 394 500
981 758 236
665 520 653
512 313 317
94 609 298
324 606 833
928 991 862
793 938 919
880 159 788
851 356 871
131 63 322
38 511 354
798 196 635
314 613 122
198 428 595
379 958 799
467 181 138
863 537 801
253 30 645
283 919 616
823 995 938
71 288 727
524 649 186
255 700 498
21 581 254
772 563 561
103 390 818
436 833 418
725 485 40
78 350 782
648 610 579
117 204 891
841 621 -87
26 347 339
371 85 730
847 849 432
995 449 203
823 667 783
634 263 427
335 46 221
228 359 82
881 342 -82
274 556 143
620 925 799
467 695 408
988 504 980
982 461 813
385 12 986
960 145 -4
74 655 772
826 600 -15
457 383 799
228 418 649
51 747 187
388 942 543
418 890 801
368 974 -69
108 852 204
189 886 702
834 875 -32
156 859 925
743 238 -34
891 443 479
579 773 79
842 226 945
927 677 205
792 120 -76
674 41 551
557 741 351
168 388 144
780 743 27
354 267 851
823 544 715
678 701 329
356 943 235
639 156 447
632 763 617
984 532 277
324 71 492
589 520 236
774 944 68
887 492 730
405 991 327
457 111 895
663 927 636
236 818 885
638 165 275
447 993 906
224 75 819
419 643 253
665 365 531
677 108 414
173 899 814
172 392 203
445 516 835
682 269 759
683 383 550
944 559 375
335 553 21
418 856 621
728 672 453
879 836 810
327 555 640
315 695 329
502 317 823
642 334 898
85 562 574
17 582 724
454 844 789
910 167 -18
297 779 234
801 460 200
308 457 576
872 638 -78
681 256 292
588 560 742
319 605 757
491 708 607
315 125 384
724 941 359
516 870 663
537 208 597
645 222 1
557 174 649
994 386 632
831 34 258
747 488 15
534 449 138
161 924 852
890 181 437
424 818 886
656 283 275
820 603 514
401 490 -53
963 129 921
753 58 -36
826 434 487
523 470 697
384 703 168
123 913 655
845 165 164
863 986 460
562 971 -58
872 891 116
855 768 300
884 2 129
45 53 -58
309 453 969
206 714 380
330 575 -21
342 449 731
13 805 482
831 387 90
979 309 792
853 151 66
296 650 622
935 644 292
204 750 -2
280 346 138
401 126 -100
559 527 916
251 966 278
17 390 540
360 790 909
263 497 769
298 643 486
111 778 431
651 904 859
36 812 325
932 756 835
169 494 26
227 506 876
120 822 447
115 933 206
961 327 89
586 267 214
632 994 732
745 508 240
832 436 211
852 758 999
196 182 211
666 705 -4
601 115 167
72 55 -40
596 611 307
219 711 679
768 533 -17
377 519 461
19 951 200
180 380 337
775 653 22
800 574 322
218 61 209
124 588 564
844 821 305
444 258 612
600 696 896
933 978 289
569 726 39
399 566 396
554 552 677
383 78 734
449 528 766
804 103 162
95 371 51
660 698 561
862 561 46
930 974 508
208 644 -51
190 481 815
972 26 335
249 363 670
924 609 206
513 79 40
264 365 683
748 867 505
58 414 326
350 638 18
612 966 904
363 214 304
154 570 804
646 482 902
149 476 97
681 381 381
544 605 695
68 489 116
627 233 566
579 77 229
604 755 12
787 302 88
78 636 933
662 837 628
785 340 289
731 699 745
119 367 332
888 298 678
395 8 167
543 342 461
4 559 217
953 80 525
915 47 81
793 511 104
407 671 995
523 401 704
529 792 351
588 997 43
710 367 402
62 215 949
196 284 632
456 672 240
367 791 513
144 357 -100
951 496 -28
963 306 389
77 355 -88
96 321 884
274 759 728
447 586 10
61 284 613
768 797 925
619 547 401
779 902 992
228 499 -25
585 353 557
418 918 126
103 586 570
577 882 467
890 543 609
877 470 694
443 393 848
986 531 40
509 167 208
449 414 668
914 85 634
660 377 927
183 564 964
661 243 598
836 444 608
796 379 23
142 156 675
333 152 -93
440 573 -76
298 885 252
533 300 642
456 216 432
281 743 -23
711 186 627
654 176 430
667 783 971
583 455 715
443 811 771
61 993 320
391 423 786
437 495 662
171 41 505
260 569 967
18 973 827
333 280 770
758 4 242
532 616 -26
458 114 564
27 811 947
927 433 656
916 317 13
651 367 986
440 199 873
230 151 781
254 328 759
831 689 449
31 632 940
178 994 273
46 686 996
221 464 -67
995 182 156
802 278 824
758 619 385
72 609 93
586 643 100
85 998 653
336 227 857
692 697 789
336 524 660
919 108 -70
122 194 151
178 625 194
815 533 51
893 98 612
149 588 285
597 514 499
665 736 570
98 13 865
486 596 594
369 453 614
782 778 391
146 411 207
109 821 648
92 428 667
893 408 47
736 612 973
178 614 786
543 657 587
283 768 950
665 383 517
175 98 819
949 119 97
936 404 166
480 350 -64
577 583 587
316 928 -41
614 448 -41
1 262 238
37 513 603
201 539 542
480 723 767
921 382 -38
501 650 851
902 254 -57
418 399 199
316 165 260
97 753 169
984 246 -68
509 585 294
632 966 76
775 19 918
119 983 -80
396 435 724
89 356 -59
758 477 99
513 277 216
470 217 505
535 557 866
250 179 104
90 127 929
146 640 -90
583 600 995
399 916 137
373 738 991
211 642 -16
462 27 118
725 902 525
297 399 -77
292 359 -62
602 79 981
286 20 153
472 332 642
622 868 267
17 65 206
844 19 794
570 179 349
485 381 316
371 440 492
246 494 758
283 351 646
916 753 28
355 453 707
112 41 -70
353 576 286
991 112 164
583 214 772
831 905 -83
149 385 961
827 157 350
81 675 771
392 195 282
850 80 -28
593 645 844
644 890 652
578 696 335
902 208 981
615 610 -64
435 503 361
231 622 328
430 904 980
582 869 125
553 741 710
864 894 671
221 72 367
699 87 441
951 522 946
78 776 742
519 106 702
680 485 195
984 145 173
947 140 481
677 593 404
550 146 336
587 619 705
55 11 996
919 809 995
783 650 257
190 432 -38
15 272 41
532 13 697
654 69 473
110 225 63
680 130 402
911 818 493
801 66 852
296 63 186
786 689 236
819 945 315
626 305 517
202 389 527
247 717 276
953 323 229
129 306 274
421 9 391
164 361 905
773 154 111
251 988 159
921 975 507
975 392 712
977 453 284
434 136 590
433 291 958
676 913 913
169 366 906
981 420 447
529 543 198
969 770 656
316 354 184
195 278 667
364 546 -85
276 832 22
737 413 342
368 712 496
180 268 74
747 340 223
426 954 696
814 500 483
253 320 686
214 111 204
333 662 824
394 553 901
559 777 225
250 467 840
832 313 481
586 953 219
532 815 387
289 512 140
655 720 824
872 679 914
283 709 644
188 597 832
522 995 134
33 815 970
358 361 -75
398 360 575
135 639 544
966 88 -40
144 57 894
13 868 786
426 93 213
580 765 451
52 927 648
688 54 698
368 556 190
43 434 55
943 525 687
318 755 647
75 807 629
701 438 -50
775 681 294
963 36 78
572 464 305
507 921 857
20 19 95
392 525 515
128 778 954
812 272 902
232 627 824
871 12 908
389 239 472
954 687 378
856 338 356
959 211 -63
821 161 537
352 426 144
231 179 167
929 116 50
289 28 318
522 597 594
796 868 526
381 823 777
616 855 96
630 871 377
999 823 193
759 927 624
353 188 318
184 290 81
520 843 -62
497 749 885
423 573 826
203 90 200
461 103 207
375 400 963
123 355 735
101 539 427
236 592 195
155 588 177
201 992 79
738 726 761
817 67 869
127 894 979
146 96 160
720 478 425
625 244 434
923 921 747
633 407 744
55 744 -64
400 365 605
676 88 99
679 404 155
930 106 535
451 365 846
801 875 642
6 916 118
727 667 75
618 139 311
485 589 726
743 91 383
606 830 184
670 109 757
479 300 -13
641 996 921
68 503 349
892 364 266
825 129 359
19 295 950
466 608 279
861 646 974
2 159 685
422 862 476
21 497 53
292 633 256
314 782 342
223 571 892
633 545 706
589 887 935
720 999 791
433 830 45
144 186 872
637 792 764
145 458 936
226 576 239
536 522 302
427 797 809
418 584 337
851 5 417
63 714 333
321 644 453
361 734 926
51 6 253
542 519 -100
389 451 352
721 758 179
612 615 380
283 917 937
732 125 441
720 58 250
287 138 170
60 867 749
833 710 655
265 127 114
337 115 852
341 988 794
421 23 503
143 316 50
163 368 899
777 91 558
422 883 337
168 684 858
680 930 584
172 384 78
342 825 430
244 89 818
890 622 214
949 465 335
635 537 41
735 295 592
736 647 978
30 806 713
69 717 753
852 788 981
50 337 646
815 209 -15
59 976 -34
753 373 -45
766 481 184
127 804 41
588 812 475
519 550 667
198 225 265
522 862 385
661 933 663
309 269 494
636 447 224
454 203 616
420 385 713
892 7 996
31 328 279
616 908 217
795 592 719
468 224 527
217 867 41
941 177 878
111 714 23
805 63 -34
647 489 590
733 890 865
498 590 840
352 223 318
134 359 555
242 411 337
958 797 419
625 138 223
106 686 761
359 821 301
50 930 657
408 233 62
849 320 -89
326 298 707
173 408 550
107 957 509
700 648 406
879 931 848
571 923 571
146 985 424
723 248 242
671 985 270
318 61 783
775 61 795
853 183 927
7 768 -18
620 86 -29
370 844 -30
548 973 884
602 839 248
449 302 511
743 289 913
252 839 939
795 424 -35
172 655 70
528 625 207
318 288 405
112 520 -38
825 169 698
554 926 739
302 418 -86
926 335 258
200 326 59
583 248 582
811 384 49
234 114 240
353 563 207
708 786 615
745 832 741
309 56 -21
229 633 610
248 554 442
231 220 942
329 453 554
733 419 592
157 20 730
113 946 540
652 824 317
794 81 177
802 675 470
178 22 249
787 730 -43
484 653 375
230 880 208
200 95 743
958 44 -63
514 968 390
898 461 506
684 531 564
5 740 -20
452 984 596
196 734 817
74 785 557
77 35 730
819 850 -51
468 904 597
136 233 91
990 763 -88
949 717 263
67 571 821
834 957 75
197 662 44
793 580 277
91 640 542
541 389 207
656 817 -17
587 175 998
634 616 123
486 999 94
660 808 88
947 33 826
448 676 405
420 186 493
762 35 28
36 254 607
630 797 86
291 277 565
384 648 306
288 610 653
36 901 442
180 641 277
640 738 666
77 647 546
881 940 928
790 530 660
37 11 460
742 136 988
475 322 927
480 100 -54
523 400 843
465 788 702
431 337 982
867 548 357
335 407 533
65 279 961
857 481 747
941 126 718
103 509 157
234 684 862
493 532 610
139 331 320
453 72 629
549 584 -23
896 272 -75
597 663 737
904 958 838
138 21 625
186 659 214
292 236 460
819 297 742
440 157 776
485 986 684
944 934 711
480 608 -39
7 958 742
936 275 685
96 919 664
108 282 926
351 959 716
555 104 103
805 823 -73
176 642 9
650 616 436
163 248 -15
808 109 -36
509 402 621
46 29 425
616 125 -12
602 279 538
553 77 133
4 819 727
969 714 983
323 932 567
368 94 784
627 154 975
613 379 43
843 39 121
147 574 38
552 10 928
259 725 642
825 884 62
598 845 996
936 798 285
592 120 663
75 839 236
937 377 763
761 225 38
826 545 42
393 601 790
395 579 798
774 830 140
542 500 344
841 385 875
394 816 63
816 551 244
367 308 362
998 535 425
940 134 -89
186 817 338
95 848 -49
362 242 483
58 498 994
169 221 524
529 238 389
574 425 422
433 290 226
159 170 -93
165 635 245
334 656 148
768 279 30
628 70 277
263 785 914
164 974 522
639 950 -16
852 178 -10
760 18 513
378 65 137
603 899 769
72 707 685
424 440 -59
40 415 357
268 16 750
612 287 28
134 867 427
178 327 726
303 680 -22
34 647 329
874 334 97
638 914 921
989 576 402
130 782 737
271 856 -24
134 128 966
179 527 786
302 539 494
513 813 977
648 151 259
16 739 758
288 911 629
351 315 68
145 855 169
931 995 869
495 102 994
102 149 573
35 808 91
141 541 673
230 123 450
973 663 145
668 447 919
635 714 209
219 555 370
576 370 896
279 97 672
611 655 970
268 320 247
798 962 699
781 612 899
683 377 806
575 913 861
9 635 -86
25 708 141
225 264 167
822 809 312
865 44 939
171 760 -40
532 318 771
323 683 431
241 589 979
737 432 572
374 292 956
239 762 791
181 264 -12
274 596 700
436 407 984
852 872 491
597 616 820
690 272 2
375 787 959
241 302 -85
166 455 14
433 808 6
611 949 653
435 152 838
666 174 618
775 539 780
267 390 541
992 390 155
264 275 600
798 398 715
295 343 580
131 314 664
212 160 150
910 727 704
852 63 778
426 844 164
580 416 -90
174 827 882
319 5 926
166 79 340
339 992 -75
639 315 995
321 418 113
236 926 358
112 237 861
305 491 263
974 715 283
406 920 757
433 601 751
853 405 448
537 441 434
771 561 216
494 344 -99
606 16 2
987 366 156
482 166 721
539 564 603
533 942 -57
674 927 446
427 578 -98
793 710 168
644 987 268
228 499 3
705 844 938
777 924 524
269 349 -87
136 224 11
699 901 437
767 802 150
638 145 674
199 381 622
34 773 -24
79 11 607
932 472 -79
192 942 -87
745 134 752
428 427 831
803 338 511
211 710 694
739 176 865
672 357 213
436 61 6
867 340 -69
880 370 -96
403 950 657
921 993 236
696 982 116
674 819 441
496 175 575
117 734 508
51 784 513
534 105 29
270 851 -71
61 939 569
587 82 631
61 554 -66
4 215 150
349 192 993
46 923 370
352 462 -25
529 636 654
631 178 957
661 884 85
138 384 425
29 291 406
555 284 -47
708 209 648
122 630 770
96 729 215
196 753 715
183 365 865
859 604 790
628 729 0
921 124 492
117 472 660
423 871 -70
652 490 516
919 501 785
271 424 288
847 473 872
267 16 583
897 256 770
436 9 270
883 901 715
254 757 883
215 555 151
590 432 507
783 161 -12
267 542 730
944 140 679
565 961 651
476 915 -65
721 524 692
113 988 178
711 886 632
565 59 128
46 973 607
45 954 841
225 300 926
607 373 752
509 329 659
137 18 416
616 540 438
922 163 760
38 31 217
144 74 776
77 200 -96
770 52 716
45 500 491
81 396 685
648 998 279
266 351 619
725 646 594
623 181 414
77 413 652
495 819 995
195 21 163
473 906 44
103 386 868
339 962 449
315 522 -88
168 487 414
114 795 991
884 310 391
55 941 784
368 139 145
653 541 206
373 738 953
289 177 229
452 995 37
6 346 833
900 530 236
408 571 287
345 145 205
750 100 578
45 289 152
843 439 437
521 2 -34
385 544 321
956 942 463
854 358 449
183 225 973
167 648 398
921 599 738
69 907 553
966 586 279
107 335 13
979 825 45
500 751 743
680 932 913
608 391 919
488 912 890
428 310 660
78 463 323
906 418 628
913 195 -49
955 926 869
475 203 785
641 711 542
681 954 -67
174 75 814
368 913 111
484 692 247
362 934 477
796 423 -18
526 236 887
783 397 992
621 127 435
143 375 19
873 684 139
120 453 516
474 933 846
143 242 89
438 397 911
154 457 333
570 300 0
304 36 473
852 171 527
900 248 -100
319 51 960
813 400 704
315 439 -34
705 193 352
979 503 757
541 761 228
480 271 681
431 962 764
914 752 -2
660 613 331
798 828 264
9 103 -62
618 356 930
844 903 70
60 251 40
538 988 23
797 802 879
524 831 218
731 858 349
424 591 887
128 203 263
878 741 744
689 129 411
995 734 812
703 691 937
785 482 737
604 341 729
134 482 443
299 507 294
612 114 523
317 989 78
102 530 490
757 974 657
751 587 397
543 648 -28
210 799 658
767 244 333
59 537 245
208 997 849
819 998 391
836 846 544
897 803 927
501 97 921
616 246 490
822 580 -3
871 517 627
321 270 238
261 893 -6
136 627 721
638 510 632
773 980 996
13 457 897
241 287 163
694 258 196
953 612 685
193 836 683
559 41 -85
817 473 12
658 976 631
556 100 721
624 599 590
527 456 107
663 423 243
825 992 406
209 234 845
137 169 400
773 971 869
906 240 276
594 341 31
257 937 66
197 74 616
2 736 968
31 503 219
120 699 460
409 547 -97
654 333 32
460 942 700
232 114 110
743 493 570
584 291 417
796 754 494
461 963 674
12 862 934
915 933 516
174 351 360
16 47 537
853 945 635
861 43 155
299 352 441
772 887 321
540 493 397
119 211 904
693 578 86
100 140 48
368 446 603
862 385 -64
728 50 121
788 803 707
839 653 849
76 570 959
9 428 366
335 187 774
971 986 632
474 186 401
638 987 265
785 894 178
205 438 707
533 196 307
449 621 553
405 14 796
139 21 336
607 593 -10
682 597 396
411 489 699
547 310 799
887 482 259
600 68 590
140 844 105
298 44 689
773 364 360
461 302 180
510 120 688
819 528 227
583 872 527
429 797 497
518 4 453
618 777 911
371 213 678
842 218 331
700 625 66
654 887 723
531 201 975
333 472 114
20 939 568
770 778 235
530 952 463
819 459 815
748 701 924
974 404 847
131 715 245
576 554 882
862 224 594
807 915 490
188 580 171
5 849 471
818 754 884
708 187 451
323 78 964
581 270 571
235 958 117
305 450 518
380 316 -8
224 626 4
312 330 970
799 263 405
194 197 848
438 388 934
861 509 490
798 808 422
887 204 231
477 818 127
25 291 326
587 999 721
894 911 880
311 411 -59
846 107 69
605 272 782
556 344 460
113 987 353
788 19 905
199 36 199
227 377 856
594 352 66
225 234 111
759 419 362
75 951 969
865 470 654
187 317 299
761 297 758
730 71 791
501 693 -95
907 130 605
873 432 374
46 831 647
218 864 152
95 654 553
903 535 24
826 679 709
983 129 329
46 489 86
402 760 618
649 737 913
749 897 639
691 315 72
704 175 94
391 972 989
895 744 252
379 233 282
848 619 362
376 672 356
638 316 -74
468 967 714
241 484 480
641 792 882
675 130 337
737 937 606
845 940 678
798 181 875
707 890 881
427 593 878
888 17 68
976 258 198
503 371 487
653 790 995
831 393 149
307 514 525
135 896 953
105 754 366
892 43 94
441 579 383
632 813 409
817 196 285
984 457 371
770 716 286
176 762 860
394 651 335
905 695 414
691 201 830
833 703 7
204 932 892
889 180 842
312 829 423
757 812 611
122 696 -23
613 193 -47
755 668 782
917 889 869
620 159 -69
727 907 284
181 376 387
168 100 574
976 858 -73
559 481 108
183 223 639
287 471 696
159 269 563
979 882 -39
217 7 416
57 1 178
238 484 909
153 150 739
357 552 433
791 840 -36
734 462 434
596 245 575
521 917 49
676 972 376
451 583 326
861 624 412
542 457 303
656 90 952
319 358 -93
280 8 165
706 277 478
840 928 222
283 327 730
291 929 906
325 669 577
565 376 663
932 206 23
979 628 47
384 530 69
10 921 770
267 217 628
605 371 516
241 627 -38
228 127 132
802 351 505
559 301 541
117 404 520
646 892 197
147 606 847
96 155 -64
573 636 79
141 271 104
673 284 485
163 221 942
848 176 187
261 406 733
147 537 132
723 620 24
644 317 -60
788 847 -57
246 783 -79
247 234 762
805 89 364
100 423 592
776 512 -94
724 605 281
663 697 642
948 639 519
34 385 720
937 577 208
935 70 553
78 710 981
848 906 237
433 201 431
483 759 -50
490 215 875
712 324 552
619 385 -84
808 645 123
137 488 123
707 517 549
447 336 263
115 111 945
794 481 760
902 694 403
279 428 583
305 144 -25
411 622 735
939 171 158
177 534 -52
424 550 55
682 54 30
308 790 418
969 994 188
946 813 629
542 51 -2
99 284 253
792 443 384
220 915 236
991 111 -85
282 580 -98
488 345 761
508 503 669
975 332 -94
206 97 985
246 466 704
407 514 148
161 752 574
350 34 19
606 232 -90
783 876 63
237 162 346
720 915 642
266 323 800
558 955 -76
148 862 304
167 722 334
383 93 682
602 214 963
665 322 721
66 915 809
394 150 56
483 969 878
993 139 337
820 856 110
582 284 538
686 513 398
544 178 945
243 512 -44
203 749 983
981 211 794
456 855 906
63 596 211
84 504 213
674 355 503
796 206 842
806 248 630
751 293 120
271 789 987
779 323 743
572 92 841
471 568 696
234 313 312
203 635 137
54 835 561
956 455 121
233 713 51
32 257 157
655 251 810
552 434 616
312 32 490
75 100 446
969 244 305
470 773 290
125 72 63
688 939 516
794 211 47
203 503 744
812 405 -50
19 460 650
528 833 706
283 928 797
494 88 626
116 337 868
536 607 132
464 595 922
504 413 190
612 686 65
125 406 552
165 98 827
822 772 -91
508 321 58
359 376 199
792 341 161
240 774 364
974 870 39
359 480 435
90 505 -17
496 854 831
677 364 538
905 622 145
960 970 293
921 522 127
469 553 156
424 458 567
741 483 111
89 763 381
666 307 420
628 854 181
761 953 800
817 425 738
0 676 650
411 717 563
551 798 377
232 839 495
118 497 95
399 879 -27
493 741 578
844 738 727
832 511 525
589 326 392
992 179 32
422 186 126
993 459 567
86 701 746
222 39 543
614 427 708
239 538 -99
673 567 954
496 764 667
636 116 514
654 450 413
531 553 387
22 82 618
558 782 625
561 53 912
9 678 804
307 535 243
330 612 195
99 789 -84
50 312 120
134 13 167
63 338 456
683 327 433
98 604 555
919 394 650
835 574 -56
903 312 903
148 280 425
80 729 -56
801 641 -16
909 876 78
805 416 995
122 195 313
140 641 795
7 109 767
498 274 395
897 701 289
651 191 829
585 120 675
662 293 52
167 412 896
500 608 529
34 385 617
972 732 560
713 21 296
937 12 470
231 311 822
242 986 229
826 942 84
881 551 330
398 501 590
75 259 880
216 589 588
498 119 67
192 843 192
117 210 502
739 690 65
151 463 739
889 642 -28
663 298 116
411 160 254
508 655 497
842 908 446
381 604 877
695 53 586
846 353 489
28 728 591
561 641 227
248 903 -12
317 716 827
765 927 814
630 781 593
251 998 414
114 69 579
500 568 44
104 524 285
855 193 675
998 855 -20
714 272 597
616 146 877
880 467 423
669 405 584
187 212 965
471 910 73
299 9 849
341 375 519
705 985 351
757 16 437
535 797 116
857 426 158
472 134 -9
532 90 534
964 434 778
485 183 247
411 438 749
925 59 366
813 22 -5
133 449 -52
200 804 357
10 736 538
167 994 126
782 530 569
40 855 731
958 607 393
956 19 311
73 827 882
422 15 -23
483 384 -90
346 491 764
102 240 989
562 763 589
801 377 573
998 911 339
724 604 447
112 726 50
810 444 919
654 247 297
28 917 348
223 592 399
658 530 323
289 129 -97
406 471 740
408 678 584
475 352 288
787 448 929
229 610 159
206 906 333
320 803 966
330 168 961
986 465 849
290 435 842
974 299 949
200 730 395
980 164 498
599 638 646
550 514 -13
271 992 852
741 734 -45
806 627 476
539 738 593
705 613 654
984 41 520
320 856 406
409 455 792
313 474 -22
706 680 178
280 294 296
259 76 106
292 942 -57
470 263 20
168 360 433
659 404 421
791 614 118
267 510 584
247 508 14
598 979 91
5 789 945
286 630 529
190 305 347
620 350 186
648 824 843
781 312 346
369 1 270
336 370 413
485 13 -10
858 654 777
578 893 439
740 395 781
307 676 161
176 763 882
238 116 699
216 899 837
63 292 330
473 43 -14
63 685 967
728 714 321
162 557 -57
575 733 -77
853 235 400
165 849 578
374 181 666
756 995 -7
155 118 -71
464 822 487
720 634 148
119 523 436
38 312 601
803 873 -58
603 598 -1
410 967 609
183 571 898
727 259 188
453 553 845
545 673 58
810 515 302
798 665 545
128 517 -58
994 774 573
143 145 320
478 489 -8
15 763 499
45 438 771
538 347 924
693 62 108
166 187 933
754 938 770
379 479 632
98 879 881
225 521 983
238 948 976
274 849 538
796 949 755
515 570 121
917 922 181
646 84 486
387 450 -19
636 566 767
127 891 507
285 437 57
980 778 900
177 786 945
20 739 505
389 772 991
722 881 972
354 47 127
945 719 488
655 985 583
884 122 233
912 117 160
954 220 289
301 756 104
888 709 801
927 713 74
453 623 406
516 7 38
743 792 623
568 348 242
169 912 11
358 862 668
954 685 441
835 288 -32
434 13 68
625 321 528
682 258 400
56 574 480
481 390 0
322 453 172
966 494 979
35 269 426
873 728 570
689 706 110
183 534 523
360 166 868
807 465 936
718 71 376
469 598 320
380 564 804
687 521 283
648 812 484
884 417 399
727 185 271
636 137 703
249 561 872
559 102 743
343 419 413
33 821 833
788 713 285
842 911 -59
177 826 545
926 46 -77
499 784 628
728 106 561
336 455 694
776 168 133
141 715 690
390 302 687
996 684 942
195 540 705
469 370 -52
818 275 751
665 462 123
854 9 658
661 459 746
225 541 44
726 920 316
168 819 310
868 27 706
666 317 652
394 292 756
148 150 366
262 192 517
965 8 635
180 60 317
389 446 232
381 541 450
925 177 385
687 731 799
590 716 723
412 408 27
277 907 723
691 252 531
828 851 719
180 520 345
125 733 168
297 919 889
446 298 51
36 379 568
489 614 651
812 611 864
156 105 963
76 471 -93
202 585 559
699 7 -73
635 542 948
126 575 -44
654 22 866
832 409 488
189 775 732
256 750 420
158 168 -25
963 168 601
718 878 892
810 455 155
626 572 375
998 79 297
860 650 69
504 272 29
570 865 821
664 811 38
828 641 469
690 898 368
508 736 426
193 621 99
300 653 422
746 905 722
616 424 888
436 50 20
616 289 666
268 930 -95
206 835 -93
330 965 522
247 376 973
487 741 835
225 942 726
24 213 832
616 216 756
986 553 963
808 410 -48
180 387 890
348 490 880
13 417 856
413 474 770
701 684 66
260 845 26
126 918 356
931 575 812
331 180 949
439 956 -93
22 861 474
104 136 679
29 891 728
911 697 314
86 98 200
399 637 848
799 692 -10
532 713 506
445 417 908
523 961 142
171 933 843
630 561 691
679 999 848
893 119 -96
526 978 961
484 274 544
231 807 674
101 918 983
226 751 53
522 58 54
140 80 127
806 912 319
973 991 108
522 137 -27
463 921 176
382 81 447
738 15 43
888 719 75
277 647 714
467 846 489
133 650 251
743 469 326
503 116 397
884 163 -13
309 8 -61
786 934 144
369 467 796
556 385 361
263 652 258
725 597 94
46 738 241
768 652 -90
101 872 767
352 218 728
456 35 89
783 266 730
827 86 340
786 563 122
44 508 725
96 112 168
942 167 138
968 25 251
149 677 220
470 814 -29
762 742 658
550 285 735
216 218 626
589 753 135
121 611 665
249 876 703
484 330 811
726 537 159
760 253 180
414 244 -13
579 740 309
837 309 881
716 994 165
886 282 834
221 962 453
364 745 604
944 778 997
932 547 693
411 546 722
918 9 529
373 53 452
420 953 -45
384 87 815
626 208 136
211 98 521
898 603 799
722 571 658
75 335 252
98 14 135
891 292 597
539 838 482
244 590 616
499 15 872
806 765 484
580 841 877
193 541 861
323 570 389
182 211 934
56 233 424
266 297 680
198 994 -34
280 788 289
304 31 388
340 195 -66
674 546 501
519 484 321
161 590 963
643 130 828
839 417 867
962 805 491
318 855 242
939 492 563
857 159 555
151 374 844
862 416 40
399 887 787
332 619 594
993 961 213
912 576 738
80 27 86
518 623 264
602 327 122
721 111 313
482 848 -43
364 546 428
236 532 361
157 631 716
52 90 32
927 914 891
672 239 772
999 785 804
493 915 -42
587 485 687
936 542 590
104 158 992
768 282 150
880 329 564
358 505 687
833 614 390
175 473 60
212 901 391
738 402 352
479 475 488
418 313 245
640 539 -46
16 117 175
729 156 520
789 647 845
98 892 593
705 723 -87
921 506 -100
81 853 368
820 497 321
134 255 161
681 625 360
686 65 764
947 39 782
35 893 658
99 390 83
530 304 32
468 547 445
860 474 327
415 616 200
680 511 878
739 638 962
68 182 924
6 297 497
705 769 842
459 448 232
582 213 61
928 650 300
425 105 694
810 541 546
190 586 305
761 988 -21
249 698 -81
986 695 703
49 275 712
334 145 -26
424 843 212
19 65 834
179 643 458
767 969 218
338 369 270
717 979 550
558 339 374
878 786 932
714 234 371
678 184 139
202 721 135
850 89 862
529 999 788
958 412 551
375 117 508
869 736 968
138 665 72
403 340 87
621 845 48
297 864 188
357 1 744
358 431 286
839 886 831
627 343 419
320 961 804
998 168 137
757 395 969
487 467 163
645 734 -30
570 382 549
978 762 330
958 420 28
295 88 108
353 753 55
874 70 953
47 111 930
964 955 579
540 642 743
942 663 284
423 495 101
441 629 552
603 37 645
921 448 825
264 778 425
892 520 685
887 342 -69
941 72 437
856 57 840
575 103 42
251 48 510
725 207 823
653 522 950
43 375 497
516 764 633
759 548 777
120 306 298
725 164 616
870 98 538
652 136 412
625 167 564
465 912 320
39 894 540
885 884 611
435 289 815
228 519 598
373 934 975
203 621 69
439 935 251
301 486 470
14 388 710
168 126 436
756 904 959
136 289 510
884 736 -91
93 425 640
644 834 709
879 367 544
667 416 643
965 38 -51
269 430 929
964 986 380
679 283 -81
186 349 453
74 431 352
845 863 517
217 166 341
96 138 -37
956 822 171
4 489 368
200 183 252
82 673 645
99 242 521
752 591 853
63 387 107
962 754 588
990 85 819
882 211 35
847 601 3
485 505 213
411 909 892
336 169 171
187 547 885
564 877 562
951 795 58
493 674 163
236 314 173
89 573 881
725 743 303
350 548 892
422 294 709
571 169 211
845 495 194
782 670 873
746 902 219
391 950 230
861 301 967
55 823 838
38 502 999
714 973 144
811 256 689
117 701 321
853 709 87
850 215 650
2 330 725
803 71 481
16 501 781
21 906 636
287 882 482
205 884 791
968 707 847
689 180 -75
497 116 4
276 601 449
401 697 425
982 9 392
221 352 505
576 158 735
461 999 273
980 776 742
188 91 128
702 461 -83
954 191 550
241 903 278
753 749 928
834 396 950
907 418 341
234 713 529
151 944 555
27 978 353
643 578 169
106 932 292
841 844 772
869 292 914
181 835 666
302 570 662
106 338 -67
366 484 -94
256 329 -21
104 986 446
426 383 27
530 112 616
159 306 856
999 413 -92
959 928 460
135 958 399
126 346 125
342 160 109
610 234 23
687 406 449
726 362 374
217 303 814
466 899 -45
667 820 746
228 505 695
535 577 190
303 977 507
518 566 268
491 920 950
929 777 482
670 430 293
50 490 318
98 475 70
882 119 -16
177 129 -91
191 298 669
861 851 819
27 964 653
0 925 292
406 206 245
53 330 462
240 453 830
43 596 328
56 451 834
890 197 869
900 798 121
93 727 966
979 381 710
654 604 703
948 497 653
581 460 655
376 773 893
84 847 278
947 153 766
678 586 986
537 602 5
164 187 35
428 792 568
