300 590
0 1
1 2
2 3
3 4
4 5
5 6
6 7
7 8
8 9
9 10
10 11
11 12
12 13
13 14
14 15
15 16
16 17
17 18
18 19
19 20
20 21
21 22
22 23
23 24
24 25
25 26
26 27
27 28
28 29
29 0
30 31
31 32
32 33
33 34
34 35
35 36
36 37
37 38
38 39
39 40
40 41
41 42
42 43
43 44
44 45
45 46
46 47
47 48
48 49
49 50
50 51
51 52
52 53
53 54
54 55
55 56
56 57
57 58
58 59
59 30
60 61
61 62
62 63
63 64
64 65
65 66
66 67
67 68
68 69
69 70
70 71
71 72
72 73
73 74
74 75
75 76
76 77
77 78
78 79
79 80
80 81
81 82
82 83
83 84
84 85
85 86
86 87
87 88
88 89
89 60
90 91
91 92
92 93
93 94
94 95
95 96
96 97
97 98
98 99
99 100
100 101
101 102
102 103
103 104
104 105
105 106
106 107
107 108
108 109
109 110
110 111
111 112
112 113
113 114
114 115
115 116
116 117
117 118
118 119
119 90
120 121
121 122
122 123
123 124
124 125
125 126
126 127
127 128
128 129
129 130
130 131
131 132
132 133
133 134
134 135
135 136
136 137
137 138
138 139
139 140
140 141
141 142
142 143
143 144
144 145
145 146
146 147
147 148
148 149
149 120
150 151
151 152
152 153
153 154
154 155
155 156
156 157
157 158
158 159
159 160
160 161
161 162
162 163
163 164
164 165
165 166
166 167
167 168
168 169
169 170
170 171
171 172
172 173
173 174
174 175
175 176
176 177
177 178
178 179
179 150
180 181
181 182
182 183
183 184
184 185
185 186
186 187
187 188
188 189
189 190
190 191
191 192
192 193
193 194
194 195
195 196
196 197
197 198
198 199
199 200
200 201
201 202
202 203
203 204
204 205
205 206
206 207
207 208
208 209
209 180
210 211
211 212
212 213
213 214
214 215
215 216
216 217
217 218
218 219
219 220
220 221
221 222
222 223
223 224
224 225
225 226
226 227
227 228
228 229
229 230
230 231
231 232
232 233
233 234
234 235
235 236
236 237
237 238
238 239
239 210
240 241
241 242
242 243
243 244
244 245
245 246
246 247
247 248
248 249
249 250
250 251
251 252
252 253
253 254
254 255
255 256
256 257
257 258
258 259
259 260
260 261
261 262
262 263
263 264
264 265
265 266
266 267
267 268
268 269
269 240
270 271
271 272
272 273
273 274
274 275
275 276
276 277
277 278
278 279
279 280
280 281
281 282
282 283
283 284
284 285
285 286
286 287
287 288
288 289
289 290
290 291
291 292
292 293
293 294
294 295
295 296
296 297
297 298
298 299
299 270
0 263
1 137
2 17
3 111
4 211
5 104
6 252
7 174
8 203
9 32
10 195
11 35
12 19
13 219
14 78
15 84
16 87
17 226
18 171
19 277
20 208
21 35
22 252
23 44
24 234
25 61
26 291
27 152
28 269
29 232
30 92
31 274
32 159
33 162
34 223
35 130
36 262
37 104
38 141
39 203
40 234
41 89
42 75
43 77
44 270
45 248
46 219
47 210
48 274
49 117
50 263
51 146
52 70
53 174
54 214
55 241
56 279
57 132
58 108
59 291
60 204
61 184
62 266
63 182
64 100
65 169
66 256
67 216
68 135
69 243
70 107
71 149
72 132
73 155
74 201
75 230
76 195
77 263
78 136
79 293
80 92
81 85
82 260
83 263
84 138
85 248
86 242
87 164
88 257
89 133
90 138
91 148
92 296
93 98
94 273
95 154
96 270
97 266
98 292
99 263
100 285
101 111
102 299
103 222
104 291
105 139
106 165
107 143
108 142
109 167
110 212
111 293
112 287
113 207
114 244
115 252
116 261
117 268
118 224
119 156
120 248
121 190
122 262
123 225
124 242
125 153
126 229
127 213
128 249
129 289
130 158
131 259
132 241
133 280
134 147
135 226
136 199
137 273
138 234
139 215
140 176
141 253
142 268
143 190
144 210
145 218
146 157
147 162
148 200
149 253
150 215
151 279
152 295
153 225
154 277
155 187
156 284
157 248
158 249
159 278
160 190
161 200
162 208
163 202
164 226
165 213
166 243
167 187
168 228
169 299
170 244
171 185
172 235
173 234
174 258
175 185
176 223
177 275
178 296
179 187
180 200
181 291
182 284
183 224
184 286
185 211
186 194
187 212
188 250
189 262
190 249
191 229
192 205
193 284
194 273
195 253
196 227
197 243
198 210
199 212
200 252
201 292
202 215
203 259
204 230
205 285
206 247
207 288
208 254
209 260
210 298
211 295
212 273
213 291
214 278
215 232
216 245
217 268
218 250
219 292
220 276
221 295
222 245
223 239
224 247
225 263
226 234
227 231
228 267
229 278
230 250
231 240
232 262
233 284
234 262
235 268
236 293
237 241
238 263
239 271
240 298
241 255
242 291
243 261
244 268
245 285
246 289
247 296
248 263
249 284
250 289
251 277
252 260
253 286
254 299
255 273
256 290
257 265
258 282
259 270
260 297
261 283
262 290
263 282
264 289
265 278
266 292
267 289
268 284
269 273
270 293
271 287
272 279
273 284
274 279
275 292
276 288
277 289
278 291
279 282
280 290
281 291
282 295
283 288
284 293
285 293
286 290
287 297
288 298
289 292
