300 590
0 1
1 2
2 3
3 4
4 5
5 6
6 7
7 8
8 9
9 10
10 11
11 12
12 13
13 14
14 15
15 16
16 17
17 18
18 19
19 20
20 21
21 22
22 23
23 24
24 25
25 26
26 27
27 28
28 29
29 0
30 31
31 32
32 33
33 34
34 35
35 36
36 37
37 38
38 39
39 40
40 41
41 42
42 43
43 44
44 45
45 46
46 47
47 48
48 49
49 50
50 51
51 52
52 53
53 54
54 55
55 56
56 57
57 58
58 59
59 30
60 61
61 62
62 63
63 64
64 65
65 66
66 67
67 68
68 69
69 70
70 71
71 72
72 73
73 74
74 75
75 76
76 77
77 78
78 79
79 80
80 81
81 82
82 83
83 84
84 85
85 86
86 87
87 88
88 89
89 60
90 91
91 92
92 93
93 94
94 95
95 96
96 97
97 98
98 99
99 100
100 101
101 102
102 103
103 104
104 105
105 106
106 107
107 108
108 109
109 110
110 111
111 112
112 113
113 114
114 115
115 116
116 117
117 118
118 119
119 90
120 121
121 122
122 123
123 124
124 125
125 126
126 127
127 128
128 129
129 130
130 131
131 132
132 133
133 134
134 135
135 136
136 137
137 138
138 139
139 140
140 141
141 142
142 143
143 144
144 145
145 146
146 147
147 148
148 149
149 120
150 151
151 152
152 153
153 154
154 155
155 156
156 157
157 158
158 159
159 160
160 161
161 162
162 163
163 164
164 165
165 166
166 167
167 168
168 169
169 170
170 171
171 172
172 173
173 174
174 175
175 176
176 177
177 178
178 179
179 150
180 181
181 182
182 183
183 184
184 185
185 186
186 187
187 188
188 189
189 190
190 191
191 192
192 193
193 194
194 195
195 196
196 197
197 198
198 199
199 200
200 201
201 202
202 203
203 204
204 205
205 206
206 207
207 208
208 209
209 180
210 211
211 212
212 213
213 214
214 215
215 216
216 217
217 218
218 219
219 220
220 221
221 222
222 223
223 224
224 225
225 226
226 227
227 228
228 229
229 230
230 231
231 232
232 233
233 234
234 235
235 236
236 237
237 238
238 239
239 210
240 241
241 242
242 243
243 244
244 245
245 246
246 247
247 248
248 249
249 250
250 251
251 252
252 253
253 254
254 255
255 256
256 257
257 258
258 259
259 260
260 261
261 262
262 263
263 264
264 265
265 266
266 267
267 268
268 269
269 240
270 271
271 272
272 273
273 274
274 275
275 276
276 277
277 278
278 279
279 280
280 281
281 282
282 283
283 284
284 285
285 286
286 287
287 288
288 289
289 290
290 291
291 292
292 293
293 294
294 295
295 296
296 297
297 298
298 299
299 270
0 287
1 258
2 175
3 295
4 127
5 162
6 52
7 69
8 81
9 209
10 15
11 59
12 68
13 35
14 191
15 220
16 274
17 255
18 79
19 206
20 290
21 79
22 276
23 113
24 234
25 146
26 299
27 170
28 233
29 147
30 56
31 70
32 273
33 55
34 132
35 96
36 74
37 143
38 94
39 106
40 181
41 57
42 128
43 139
44 107
45 255
46 216
47 261
48 268
49 212
50 277
51 92
52 217
53 287
54 231
55 261
56 204
57 73
58 66
59 230
60 84
61 132
62 81
63 166
64 133
65 135
66 297
67 173
68 175
69 180
70 78
71 111
72 164
73 239
74 83
75 239
76 88
77 152
78 117
79 148
80 99
81 211
82 114
83 103
84 180
85 166
86 93
87 165
88 277
89 127
90 257
91 271
92 235
93 155
94 135
95 146
96 194
97 193
98 200
99 141
100 253
101 143
102 198
103 153
104 125
105 178
106 139
107 176
108 163
109 274
110 154
111 256
112 152
113 272
114 224
115 291
116 293
117 245
118 252
119 142
120 196
121 228
122 237
123 270
124 227
125 200
126 153
127 170
128 246
129 147
130 265
131 179
132 209
133 182
134 163
135 288
136 207
137 292
138 154
139 152
140 239
141 253
142 252
143 215
144 208
145 194
146 195
147 229
148 153
149 210
150 227
151 260
152 230
153 269
154 285
155 187
156 281
157 208
158 205
159 204
160 223
161 240
162 204
163 234
164 236
165 205
166 241
167 222
168 216
169 268
170 180
171 235
172 175
173 237
174 224
175 252
176 195
177 290
178 198
179 207
180 210
181 187
182 261
183 189
184 248
185 234
186 259
187 234
188 268
189 194
190 230
191 221
192 198
193 245
194 242
195 232
196 228
197 201
198 238
199 277
200 288
201 262
202 238
203 275
204 245
205 282
206 288
207 296
208 287
209 273
210 294
211 230
212 284
213 224
214 265
215 294
216 246
217 238
218 252
219 297
220 289
221 267
222 242
223 296
224 248
225 285
226 298
227 262
228 257
229 266
230 278
231 280
232 289
233 277
234 290
235 280
236 299
237 260
238 282
239 297
240 275
241 275
242 250
243 268
244 287
245 276
246 253
247 253
248 258
249 292
250 287
251 292
252 259
253 258
254 296
255 278
256 283
257 294
258 274
259 290
260 295
261 293
262 287
263 296
264 270
265 291
266 270
267 284
268 287
269 288
270 273
271 297
272 285
273 285
274 281
275 287
276 295
277 288
278 291
279 283
280 287
281 285
282 288
283 299
284 293
285 291
286 299
287 290
288 297
289 298
