300 590
0 1
1 2
2 3
3 4
4 5
5 6
6 7
7 8
8 9
9 10
10 11
11 12
12 13
13 14
14 15
15 16
16 17
17 18
18 19
19 20
20 21
21 22
22 23
23 24
24 25
25 26
26 27
27 28
28 29
29 0
30 31
31 32
32 33
33 34
34 35
35 36
36 37
37 38
38 39
39 40
40 41
41 42
42 43
43 44
44 45
45 46
46 47
47 48
48 49
49 50
50 51
51 52
52 53
53 54
54 55
55 56
56 57
57 58
58 59
59 30
60 61
61 62
62 63
63 64
64 65
65 66
66 67
67 68
68 69
69 70
70 71
71 72
72 73
73 74
74 75
75 76
76 77
77 78
78 79
79 80
80 81
81 82
82 83
83 84
84 85
85 86
86 87
87 88
88 89
89 60
90 91
91 92
92 93
93 94
94 95
95 96
96 97
97 98
98 99
99 100
100 101
101 102
102 103
103 104
104 105
105 106
106 107
107 108
108 109
109 110
110 111
111 112
112 113
113 114
114 115
115 116
116 117
117 118
118 119
119 90
120 121
121 122
122 123
123 124
124 125
125 126
126 127
127 128
128 129
129 130
130 131
131 132
132 133
133 134
134 135
135 136
136 137
137 138
138 139
139 140
140 141
141 142
142 143
143 144
144 145
145 146
146 147
147 148
148 149
149 120
150 151
151 152
152 153
153 154
154 155
155 156
156 157
157 158
158 159
159 160
160 161
161 162
162 163
163 164
164 165
165 166
166 167
167 168
168 169
169 170
170 171
171 172
172 173
173 174
174 175
175 176
176 177
177 178
178 179
179 150
180 181
181 182
182 183
183 184
184 185
185 186
186 187
187 188
188 189
189 190
190 191
191 192
192 193
193 194
194 195
195 196
196 197
197 198
198 199
199 200
200 201
201 202
202 203
203 204
204 205
205 206
206 207
207 208
208 209
209 180
210 211
211 212
212 213
213 214
214 215
215 216
216 217
217 218
218 219
219 220
220 221
221 222
222 223
223 224
224 225
225 226
226 227
227 228
228 229
229 230
230 231
231 232
232 233
233 234
234 235
235 236
236 237
237 238
238 239
239 210
240 241
241 242
242 243
243 244
244 245
245 246
246 247
247 248
248 249
249 250
250 251
251 252
252 253
253 254
254 255
255 256
256 257
257 258
258 259
259 260
260 261
261 262
262 263
263 264
264 265
265 266
266 267
267 268
268 269
269 240
270 271
271 272
272 273
273 274
274 275
275 276
276 277
277 278
278 279
279 280
280 281
281 282
282 283
283 284
284 285
285 286
286 287
287 288
288 289
289 290
290 291
291 292
292 293
293 294
294 295
295 296
296 297
297 298
298 299
299 270
0 243
1 105
2 197
3 275
4 230
5 273
6 222
7 175
8 32
9 281
10 209
11 98
12 156
13 200
14 63
15 210
16 272
17 78
18 250
19 226
20 218
21 188
22 229
23 151
24 45
25 262
26 127
27 71
28 40
29 62
30 228
31 111
32 228
33 288
34 165
35 289
36 283
37 112
38 201
39 229
40 66
41 236
42 126
43 216
44 105
45 136
46 221
47 126
48 179
49 241
50 162
51 104
52 245
53 266
54 152
55 146
56 271
57 67
58 73
59 139
60 106
61 127
62 290
63 235
64 178
65 288
66 292
67 152
68 292
69 184
70 250
71 262
72 288
73 137
74 212
75 123
76 164
77 205
78 183
79 221
80 276
81 262
82 246
83 287
84 196
85 170
86 99
87 159
88 275
89 219
90 165
91 189
92 152
93 122
94 222
95 181
96 235
97 257
98 255
99 112
100 282
101 223
102 249
103 113
104 126
105 163
106 275
107 299
108 219
109 143
110 241
111 192
112 186
113 175
114 220
115 151
116 131
117 192
118 279
119 173
120 158
121 244
122 221
123 157
124 278
125 217
126 261
127 216
128 168
129 244
130 257
131 166
132 141
133 272
134 277
135 172
136 226
137 256
138 149
139 222
140 262
141 144
142 266
143 226
144 226
145 222
146 161
147 185
148 155
149 215
150 212
151 190
152 171
153 165
154 184
155 243
156 250
157 245
158 183
159 269
160 234
161 218
162 232
163 204
164 274
165 207
166 219
167 229
168 211
169 298
170 278
171 270
172 247
173 281
174 261
175 226
176 295
177 227
178 253
179 268
180 217
181 251
182 208
183 239
184 204
185 298
186 250
187 193
188 242
189 281
190 194
191 255
192 246
193 285
194 276
195 238
196 219
197 227
198 226
199 226
200 235
201 265
202 207
203 254
204 238
205 286
206 244
207 276
208 218
209 260
210 226
211 287
212 272
213 235
214 241
215 284
216 257
217 227
218 233
219 258
220 259
221 283
222 237
223 227
224 259
225 278
226 278
227 231
228 273
229 283
230 238
231 258
232 295
233 298
234 239
235 299
236 264
237 272
238 257
239 257
240 270
241 297
242 250
243 274
244 247
245 276
246 255
247 269
248 268
249 280
250 256
251 298
252 285
253 273
254 268
255 273
256 298
257 280
258 293
259 277
260 264
261 277
262 268
263 278
264 272
265 299
266 283
267 295
268 291
269 294
270 280
271 292
272 290
273 284
274 280
275 280
276 298
277 287
278 289
279 286
280 286
281 298
282 298
283 288
284 296
285 289
286 298
287 291
288 297
289 299
