300 590
0 1
1 2
2 3
3 4
4 5
5 6
6 7
7 8
8 9
9 10
10 11
11 12
12 13
13 14
14 15
15 16
16 17
17 18
18 19
19 20
20 21
21 22
22 23
23 24
24 25
25 26
26 27
27 28
28 29
29 0
30 31
31 32
32 33
33 34
34 35
35 36
36 37
37 38
38 39
39 40
40 41
41 42
42 43
43 44
44 45
45 46
46 47
47 48
48 49
49 50
50 51
51 52
52 53
53 54
54 55
55 56
56 57
57 58
58 59
59 30
60 61
61 62
62 63
63 64
64 65
65 66
66 67
67 68
68 69
69 70
70 71
71 72
72 73
73 74
74 75
75 76
76 77
77 78
78 79
79 80
80 81
81 82
82 83
83 84
84 85
85 86
86 87
87 88
88 89
89 60
90 91
91 92
92 93
93 94
94 95
95 96
96 97
97 98
98 99
99 100
100 101
101 102
102 103
103 104
104 105
105 106
106 107
107 108
108 109
109 110
110 111
111 112
112 113
113 114
114 115
115 116
116 117
117 118
118 119
119 90
120 121
121 122
122 123
123 124
124 125
125 126
126 127
127 128
128 129
129 130
130 131
131 132
132 133
133 134
134 135
135 136
136 137
137 138
138 139
139 140
140 141
141 142
142 143
143 144
144 145
145 146
146 147
147 148
148 149
149 120
150 151
151 152
152 153
153 154
154 155
155 156
156 157
157 158
158 159
159 160
160 161
161 162
162 163
163 164
164 165
165 166
166 167
167 168
168 169
169 170
170 171
171 172
172 173
173 174
174 175
175 176
176 177
177 178
178 179
179 150
180 181
181 182
182 183
183 184
184 185
185 186
186 187
187 188
188 189
189 190
190 191
191 192
192 193
193 194
194 195
195 196
196 197
197 198
198 199
199 200
200 201
201 202
202 203
203 204
204 205
205 206
206 207
207 208
208 209
209 180
210 211
211 212
212 213
213 214
214 215
215 216
216 217
217 218
218 219
219 220
220 221
221 222
222 223
223 224
224 225
225 226
226 227
227 228
228 229
229 230
230 231
231 232
232 233
233 234
234 235
235 236
236 237
237 238
238 239
239 210
240 241
241 242
242 243
243 244
244 245
245 246
246 247
247 248
248 249
249 250
250 251
251 252
252 253
253 254
254 255
255 256
256 257
257 258
258 259
259 260
260 261
261 262
262 263
263 264
264 265
265 266
266 267
267 268
268 269
269 240
270 271
271 272
272 273
273 274
274 275
275 276
276 277
277 278
278 279
279 280
280 281
281 282
282 283
283 284
284 285
285 286
286 287
287 288
288 289
289 290
290 291
291 292
292 293
293 294
294 295
295 296
296 297
297 298
298 299
299 270
0 112
1 174
2 38
3 31
4 76
5 107
6 20
7 43
8 212
9 148
10 155
11 170
12 44
13 211
14 64
15 33
16 298
17 129
18 243
19 288
20 139
21 164
22 143
23 86
24 46
25 160
26 160
27 270
28 92
29 82
30 118
31 125
32 126
33 282
34 290
35 200
36 288
37 114
38 49
39 261
40 91
41 273
42 135
43 50
44 229
45 59
46 70
47 196
48 168
49 147
50 174
51 215
52 109
53 131
54 292
55 171
56 186
57 274
58 247
59 150
60 232
61 190
62 112
63 104
64 84
65 243
66 289
67 263
68 172
69 249
70 249
71 132
72 236
73 159
74 283
75 160
76 294
77 85
78 156
79 126
80 157
81 235
82 276
83 193
84 184
85 256
86 282
87 299
88 242
89 134
90 125
91 258
92 105
93 222
94 213
95 279
96 186
97 219
98 135
99 113
100 260
101 276
102 128
103 217
104 171
105 169
106 190
107 205
108 112
109 131
110 233
111 290
112 245
113 139
114 189
115 198
116 172
117 232
118 165
119 229
120 152
121 148
122 287
123 187
124 134
125 237
126 170
127 220
128 295
129 250
130 158
131 168
132 192
133 242
134 200
135 286
136 195
137 266
138 228
139 259
140 287
141 229
142 213
143 225
144 151
145 249
146 206
147 225
148 258
149 217
150 195
151 287
152 237
153 204
154 288
155 216
156 284
157 174
158 276
159 286
160 254
161 289
162 280
163 173
164 231
165 265
166 226
167 197
168 180
169 296
170 272
171 190
172 266
173 258
174 243
175 191
176 214
177 269
178 285
179 202
180 184
181 265
182 226
183 288
184 195
185 232
186 258
187 210
188 217
189 225
190 280
191 220
192 268
193 219
194 222
195 234
196 216
197 291
198 289
199 263
200 207
201 273
202 299
203 261
204 239
205 231
206 217
207 252
208 223
209 232
210 283
211 225
212 234
213 238
214 245
215 237
216 283
217 283
218 264
219 291
220 243
221 249
222 236
223 232
224 234
225 272
226 244
227 256
228 260
229 296
230 255
231 295
232 277
233 254
234 279
235 279
236 290
237 240
238 256
239 257
240 246
241 289
242 264
243 263
244 252
245 272
246 251
247 271
248 290
249 266
250 299
251 275
252 270
253 277
254 294
255 258
256 287
257 287
258 283
259 297
260 265
261 268
262 276
263 294
264 283
265 288
266 276
267 286
268 284
269 279
270 280
271 278
272 285
273 294
274 292
275 298
276 284
277 292
278 298
279 291
280 283
281 291
282 288
283 291
284 289
285 292
286 296
287 291
288 292
289 298
