1000 4000
962 775 283
897 694 925
667 485 583
896 342 222
747 257 485
846 13 459
974 123 799
601 225 353
576 989 841
977 514 241
276 705 151
193 742 715
41 296 763
592 752 -27
863 643 468
77 739 980
699 700 557
789 130 726
713 539 877
602 316 -67
562 938 183
32 222 906
696 837 916
237 404 646
947 7 936
446 828 669
256 807 814
860 897 287
798 454 876
951 715 757
955 96 769
741 688 99
832 773 329
369 56 681
221 916 606
748 774 291
354 52 -13
793 842 502
148 521 221
452 798 900
447 702 783
400 200 293
750 567 257
375 912 189
731 315 249
700 585 787
714 419 777
871 423 99
900 89 329
647 509 366
609 555 396
181 186 962
382 511 234
739 103 836
816 762 661
852 313 360
726 598 966
44 60 492
768 690 915
6 912 74
307 336 895
297 510 23
619 795 -91
805 751 946
709 183 -22
107 412 245
851 241 253
58 980 42
636 715 114
200 776 537
235 207 203
90 902 -71
845 510 893
499 934 378
640 348 324
115 527 -17
779 485 619
684 856 329
316 290 958
767 948 643
947 593 127
308 93 -47
897 689 453
210 558 838
55 312 369
389 568 944
665 233 873
904 426 3
430 170 787
235 636 211
972 135 743
172 755 547
557 559 561
621 312 133
601 38 401
114 792 731
611 499 126
522 285 837
451 469 -66
938 291 144
338 566 811
35 664 595
671 741 583
665 222 657
934 780 146
456 41 387
135 721 817
24 868 641
590 756 664
795 719 415
475 707 107
124 122 34
500 614 987
490 660 634
633 488 969
934 41 626
500 361 418
808 168 410
308 188 286
150 922 6
412 225 960
276 932 581
202 600 498
213 687 708
128 417 -36
486 477 278
299 216 354
13 409 937
587 481 559
986 416 965
884 578 7
224 936 548
684 669 187
16 178 637
994 167 715
46 437 -75
914 644 300
975 455 133
692 517 -71
526 218 120
774 461 250
850 589 774
84 151 179
426 930 5
56 805 351
19 354 113
125 567 272
738 724 158
649 109 -63
592 541 600
881 2 548
517 77 394
218 395 236
574 7 341
120 385 -8
989 44 748
403 507 318
130 227 357
787 670 958
45 401 133
557 19 35
211 366 303
364 210 311
345 901 316
250 280 460
941 358 427
153 329 281
394 377 857
186 582 131
437 14 106
498 704 527
743 722 459
100 837 788
329 34 374
644 295 246
753 433 -80
608 732 637
72 782 745
895 161 521
535 141 406
719 327 902
122 459 49
427 276 841
342 49 352
271 405 305
782 249 -61
777 772 433
555 516 612
250 340 641
555 695 975
964 735 269
443 298 486
847 466 178
634 400 -69
411 796 383
630 849 159
749 91 167
840 675 55
464 513 985
246 274 388
437 743 839
520 246 42
367 843 23
252 460 807
400 993 886
709 239 715
111 367 289
12 35 759
242 443 812
384 665 635
852 920 110
817 740 363
204 681 706
927 41 0
770 716 940
241 211 835
315 830 714
787 850 165
678 789 449
164 411 808
38 507 752
160 585 373
483 976 215
15 932 111
367 535 980
120 522 966
548 649 623
47 529 461
2 14 636
18 981 690
773 312 284
928 9 -94
968 811 762
28 753 862
790 45 -53
297 651 173
432 287 914
388 533 309
506 58 558
823 399 53
439 715 117
49 0 361
751 309 58
471 61 424
412 522 825
155 177 -76
54 761 761
153 285 552
567 99 394
454 709 650
778 32 507
611 988 426
564 982 246
328 277 935
561 237 857
752 192 136
199 676 252
101 394 -97
689 315 375
14 548 505
19 775 264
960 680 903
898 16 35
515 759 817
937 186 621
909 726 241
985 640 28
512 331 -32
121 458 612
798 825 848
908 783 897
937 566 369
818 58 809
456 426 445
426 8 58
140 217 923
981 359 712
13 225 29
3 619 784
970 324 296
251 872 3
259 431 786
566 314 495
718 255 -91
311 22 676
249 324 405
833 792 41
83 382 1
237 811 258
457 11 343
176 746 328
625 13 143
150 465 57
990 51 924
411 276 327
569 192 186
108 100 465
899 837 244
660 188 448
513 831 133
675 86 670
339 927 992
843 869 -61
937 961 691
845 193 498
745 270 434
623 678 469
663 39 453
732 145 320
612 487 871
135 757 781
956 530 725
808 467 835
852 93 743
311 584 382
386 384 639
32 2 302
111 369 790
374 622 101
65 426 804
570 50 175
936 643 183
258 992 -92
542 567 385
458 609 27
634 202 883
217 799 -20
453 687 782
281 950 667
443 424 667
174 416 470
378 165 564
176 531 252
735 327 269
337 785 577
897 350 306
858 363 574
990 249 330
524 421 952
212 304 473
825 89 80
868 818 315
291 47 -45
348 584 973
353 35 221
590 110 923
113 280 -53
414 362 -22
334 322 829
747 351 -32
17 384 -24
914 513 664
489 477 305
156 737 288
115 17 -7
689 647 686
422 743 152
832 471 232
184 609 20
110 702 20
138 902 907
833 59 348
572 270 287
423 3 331
180 655 265
630 464 607
50 258 599
223 661 725
726 240 725
328 54 35
612 224 851
54 838 227
850 176 303
703 678 173
449 372 628
214 890 87
877 198 917
50 517 449
181 741 552
763 3 38
49 658 403
102 447 160
770 945 422
507 123 437
498 897 638
429 251 -84
561 312 733
87 720 200
19 800 11
732 765 -100
719 612 966
663 838 318
98 265 518
335 388 816
211 747 271
294 873 940
220 299 864
100 410 546
328 430 696
390 771 355
479 86 357
157 148 254
949 47 446
981 790 366
268 51 305
132 879 807
700 779 937
150 86 291
42 269 658
321 708 464
921 543 838
912 56 630
684 986 141
877 134 220
266 671 333
478 732 595
164 315 255
570 943 470
123 512 100
175 317 154
490 836 714
974 523 626
647 195 862
949 661 246
590 153 212
381 221 860
825 930 519
194 809 999
618 420 604
468 448 784
48 803 306
87 278 -72
10 838 -91
932 50 775
464 995 781
645 396 59
985 868 593
134 546 313
32 52 781
837 964 -12
951 674 750
73 848 107
545 55 110
253 548 -96
231 307 172
267 866 333
847 17 339
652 489 954
718 452 376
209 274 813
319 168 145
748 72 838
363 30 -77
944 476 190
563 926 839
532 461 677
782 479 941
580 347 814
269 345 367
292 110 730
532 284 -24
566 66 108
735 8 49
239 305 34
455 663 -88
370 366 182
914 376 80
338 12 937
94 560 306
78 965 638
979 520 -23
844 369 326
111 409 242
649 575 184
73 812 468
853 361 504
742 24 753
218 126 793
961 15 -56
351 861 -52
253 341 64
963 246 537
763 454 152
263 971 -68
454 834 570
51 437 832
749 763 382
371 213 402
930 950 805
161 535 -1
297 562 502
918 939 681
731 705 107
868 948 748
883 192 926
373 806 901
903 567 635
511 113 -38
143 37 697
802 684 269
436 797 351
166 994 9
583 456 337
671 489 675
204 300 144
495 976 808
160 483 7
135 251 -91
644 622 855
33 898 616
389 255 -24
464 339 216
56 547 723
271 965 673
494 186 369
857 4 -81
519 1 497
717 885 841
47 409 -6
200 241 823
456 572 478
653 996 95
91 865 887
585 797 505
87 56 251
694 639 210
512 207 -45
252 644 75
600 691 596
754 863 444
376 459 105
588 113 581
515 703 91
48 418 626
68 202 118
507 634 738
434 901 364
192 797 625
364 646 112
609 876 239
670 898 220
8 613 925
239 822 481
823 128 536
483 322 120
30 313 617
315 63 159
452 8 748
789 665 929
376 261 596
413 552 555
898 283 632
161 345 502
412 942 582
593 157 767
857 920 113
725 331 49
49 913 911
932 201 144
556 658 369
815 260 358
308 124 465
397 913 -90
46 478 671
830 667 584
137 240 277
711 163 523
560 877 407
484 420 360
736 613 758
360 225 -36
198 210 708
124 841 450
551 122 848
913 174 63
183 107 319
142 944 -92
523 289 341
224 23 394
410 798 507
217 454 743
488 726 296
772 599 560
558 924 729
429 474 594
747 180 866
14 988 772
959 932 -75
516 335 519
632 333 867
370 997 898
226 274 895
605 807 890
61 556 534
585 481 958
999 35 343
179 75 632
374 229 354
917 610 288
231 122 359
248 847 861
688 128 862
790 903 -60
354 231 223
938 584 -87
664 905 795
701 429 295
810 290 312
43 336 624
61 426 192
403 266 814
659 96 167
212 974 870
134 22 882
198 41 713
562 230 482
250 215 309
193 344 999
326 696 235
270 385 546
302 930 760
313 979 256
689 182 544
826 370 624
743 299 509
624 26 946
38 900 390
814 223 234
987 684 795
293 634 2
247 532 315
945 264 163
206 932 363
506 311 -37
374 372 596
902 246 337
472 315 430
483 466 514
109 215 -46
710 938 559
485 360 555
423 390 592
796 851 960
935 759 426
69 648 956
994 966 929
807 554 230
925 908 541
415 387 783
378 318 136
165 778 616
57 438 -88
96 201 330
162 676 530
484 95 142
649 838 798
701 710 217
537 573 676
185 59 24
134 16 887
397 561 -73
423 848 -71
125 317 903
397 736 59
537 707 7
600 172 -54
555 20 156
125 627 915
135 788 427
552 475 271
877 472 904
197 570 797
435 67 908
380 311 730
778 526 985
868 850 137
82 485 119
644 870 909
460 847 484
861 596 842
832 92 581
155 691 507
450 660 391
82 23 621
527 178 330
711 903 873
582 55 49
806 75 573
564 825 -11
33 661 473
416 988 134
46 999 446
521 640 689
556 206 46
511 212 30
289 280 34
264 479 253
125 729 216
554 244 573
555 564 249
911 701 596
906 441 406
247 675 -23
829 567 918
806 830 918
269 484 647
530 164 121
592 886 97
24 568 872
288 837 294
881 163 206
711 231 787
218 332 552
938 320 889
709 469 443
498 934 -38
103 726 307
461 170 466
736 233 528
627 885 932
345 416 753
865 113 942
280 116 25
528 83 63
790 50 748
88 21 182
948 384 760
297 697 624
795 342 133
294 229 371
475 347 25
474 934 813
529 331 407
294 676 -49
3 884 -54
31 21 4
141 593 597
497 50 161
474 73 135
366 745 897
266 522 181
507 57 174
268 844 294
157 919 734
219 396 624
125 418 657
669 639 969
623 526 624
306 966 229
669 642 106
449 770 58
95 883 267
757 562 626
511 92 618
366 514 980
585 54 86
180 186 528
543 537 817
346 356 213
476 131 84
24 774 699
878 623 196
227 574 119
748 430 -99
813 167 -30
706 336 -30
60 209 827
129 962 402
379 657 913
316 950 559
530 372 846
515 205 983
109 937 307
222 920 147
849 752 610
206 617 33
137 533 339
70 36 745
904 956 276
710 277 676
878 523 49
906 890 474
275 220 98
913 598 82
374 916 111
188 124 982
318 830 132
917 834 803
588 42 801
813 195 762
277 132 -99
663 546 467
578 534 786
539 688 726
746 237 188
476 954 929
77 55 231
298 736 903
198 641 822
3 206 243
476 532 711
965 836 130
481 120 442
778 857 238
693 768 154
549 905 732
481 321 234
117 421 353
641 155 405
329 615 579
498 340 347
751 123 560
933 726 117
288 763 406
353 681 597
751 933 712
938 896 32
906 745 -18
679 704 671
965 510 696
369 798 619
479 105 800
650 559 971
456 351 873
285 313 801
28 702 307
50 182 220
858 508 774
664 723 520
354 158 715
25 194 563
627 570 695
745 506 724
980 572 461
684 861 910
160 799 -13
844 20 679
779 996 636
845 942 253
436 683 924
159 626 16
995 307 577
196 568 636
960 979 380
778 119 515
904 369 354
225 903 978
789 921 384
59 729 668
169 283 -91
966 467 -76
976 155 641
354 984 177
360 420 525
483 345 275
802 312 989
987 758 439
618 875 833
829 840 196
353 991 369
651 637 773
370 488 931
99 433 103
32 107 346
56 519 786
926 277 302
465 24 35
503 33 101
974 595 918
328 13 -21
688 917 83
855 344 662
488 216 439
209 850 10
136 849 451
963 573 613
106 917 -68
375 996 251
773 748 348
322 388 707
271 356 544
425 749 -96
193 309 543
831 233 362
644 731 432
177 373 -78
413 218 656
725 152 816
243 724 607
951 28 265
273 647 -77
703 978 933
652 102 734
821 14 883
481 274 693
648 867 27
313 177 967
837 765 340
905 822 433
702 14 386
784 725 397
993 60 263
716 632 554
381 115 116
560 307 797
944 696 419
463 594 424
650 135 630
717 565 542
291 318 281
433 123 702
691 902 298
93 305 35
251 917 382
643 268 885
456 365 534
832 470 64
928 282 -35
409 536 755
558 741 96
851 591 15
530 103 355
903 494 415
503 36 204
992 341 798
648 433 -89
278 940 564
788 116 928
749 553 696
689 517 371
491 474 117
681 569 325
60 424 536
913 51 654
83 259 3
351 753 748
207 333 265
192 105 155
623 572 739
832 566 109
738 498 560
791 532 208
539 822 922
842 932 471
547 927 194
215 505 749
110 46 612
746 116 278
985 224 313
582 868 770
94 617 581
320 672 250
309 78 15
935 993 152
354 333 352
537 623 329
803 685 7
170 897 786
504 584 266
74 908 85
477 902 628
716 95 790
222 561 692
41 518 564
483 849 954
300 917 206
666 173 951
315 596 187
646 949 387
581 501 306
475 839 147
871 116 327
437 934 -30
405 588 468
476 985 520
956 739 758
353 258 375
117 157 517
477 129 -93
776 43 -12
678 17 176
650 567 884
229 890 12
841 981 275
20 540 75
169 303 435
314 922 631
644 404 136
915 426 164
661 931 176
216 773 652
705 685 0
365 150 282
549 12 989
830 853 220
853 306 847
973 400 313
275 949 260
419 248 -50
151 920 403
832 279 361
307 358 396
771 745 492
139 935 30
606 81 556
860 884 497
268 178 169
837 775 15
475 227 923
826 40 565
412 787 -53
62 421 642
595 30 298
889 373 533
91 400 444
549 887 420
125 490 6
501 854 443
487 677 344
771 148 555
428 330 52
688 187 -54
213 38 441
715 404 525
53 187 25
551 267 439
569 169 121
523 388 949
62 190 758
732 972 964
626 785 697
722 434 258
627 254 391
977 365 900
322 441 105
251 197 217
913 336 448
576 249 339
223 351 20
737 693 812
302 764 -77
356 962 611
836 566 -48
702 787 280
870 482 694
725 199 355
677 509 659
930 21 -12
863 996 989
844 724 701
905 202 865
93 966 429
872 98 681
826 946 264
597 363 285
193 150 251
333 746 -100
258 564 768
339 72 -5
417 606 948
973 631 868
139 160 581
919 757 -76
332 834 584
213 745 149
289 233 -70
662 418 920
936 320 389
871 873 161
656 620 215
58 488 224
256 407 -76
830 800 310
149 202 231
945 232 -96
553 96 919
687 322 904
525 272 760
446 626 368
252 545 912
15 914 14
36 337 843
524 341 388
739 699 428
372 342 303
648 180 129
791 280 132
351 321 982
903 728 710
91 237 116
804 284 623
748 328 688
116 233 298
851 155 762
465 295 873
159 433 341
430 170 99
410 414 823
591 154 984
358 717 373
705 381 -46
100 767 16
497 150 -75
211 916 744
580 584 994
614 555 -57
781 128 315
363 224 668
943 517 582
782 798 376
691 339 287
717 515 89
589 591 329
485 915 823
350 66 320
41 882 992
757 76 906
466 163 723
340 130 716
276 759 690
697 7 469
255 633 239
697 710 380
74 138 15
108 13 20
287 192 29
5 993 448
981 16 114
576 37 185
589 613 -58
434 407 -50
378 898 994
460 193 587
142 300 457
981 471 688
628 32 492
16 370 126
342 614 783
377 135 845
381 74 649
658 428 701
550 904 592
846 840 357
559 483 849
526 747 314
467 403 301
570 324 70
551 690 93
75 123 952
927 755 776
583 891 295
571 817 62
552 208 491
110 189 498
179 193 401
720 956 925
903 233 417
977 398 -26
278 397 92
937 932 669
985 397 781
167 51 790
93 273 388
318 118 423
964 696 884
689 717 747
747 314 896
305 253 219
842 140 593
931 506 967
70 366 -13
387 788 308
661 569 138
764 950 153
48 650 2
115 11 595
827 858 337
472 82 -84
797 945 197
27 25 739
753 603 434
492 819 946
286 482 190
85 671 426
650 296 439
497 427 884
573 359 780
42 239 37
802 577 51
772 510 -75
253 255 -10
481 384 732
971 442 868
654 426 150
620 140 798
385 103 294
677 546 209
276 417 405
32 423 647
654 671 528
278 858 980
108 748 -75
907 59 262
361 955 272
113 981 -72
827 323 -46
5 966 246
587 857 -74
776 906 75
828 67 542
159 485 516
374 615 228
149 423 131
944 132 522
225 544 719
302 177 5
274 501 -31
703 953 54
390 879 575
73 31 305
730 387 518
229 337 34
766 300 680
314 440 631
384 882 590
995 321 294
342 320 513
869 437 687
697 800 546
181 806 569
807 740 576
186 911 458
814 594 403
801 336 929
642 813 399
937 388 503
897 232 328
983 627 268
112 638 272
738 621 797
803 725 113
545 893 73
66 581 23
186 416 989
140 849 872
832 294 -51
787 795 372
651 121 866
712 803 448
513 699 140
960 782 237
402 730 826
211 425 951
815 886 -43
696 120 830
79 786 114
536 168 560
399 355 844
115 459 53
343 205 490
397 326 -68
300 696 603
319 352 237
363 783 318
830 656 371
854 665 150
75 317 359
720 464 916
801 453 28
606 670 796
38 870 261
972 478 604
884 53 475
650 898 757
161 747 663
76 717 99
588 457 833
819 116 529
60 669 35
939 724 271
984 699 179
564 81 387
480 941 106
749 347 209
874 658 284
143 762 40
522 362 841
793 468 962
793 186 169
892 121 431
99 26 471
268 27 -73
426 56 326
649 214 301
533 215 421
665 747 11
778 576 836
281 88 40
648 781 412
827 839 871
764 39 829
603 931 514
510 745 347
270 292 358
585 454 383
175 838 647
923 665 600
939 616 -99
323 467 554
789 334 721
908 186 556
534 666 606
569 353 359
435 448 295
429 708 559
462 817 889
865 530 -17
646 483 508
267 873 736
191 372 380
6 815 790
814 520 885
98 422 874
870 344 815
939 711 166
305 826 -37
81 383 65
591 173 498
161 250 53
587 726 103
360 941 410
571 268 796
647 294 171
783 300 298
682 510 624
7 386 600
829 39 192
947 374 463
155 651 906
739 38 334
9 745 21
849 44 438
745 592 969
755 640 -58
895 491 868
316 525 119
162 327 496
466 669 394
538 871 6
563 425 627
126 442 17
145 876 688
826 902 820
935 918 118
475 425 -54
174 799 410
836 607 927
220 183 644
928 563 172
959 115 -96
7 131 125
999 10 215
774 775 240
757 781 982
5 725 -50
502 76 389
43 475 656
381 240 847
785 153 334
581 961 398
724 507 549
3 725 629
70 141 777
497 906 630
89 624 226
168 997 639
126 177 721
75 694 711
847 99 13
516 453 128
232 520 -32
742 465 898
954 182 -9
22 84 170
839 840 546
70 178 14
268 288 713
864 771 97
87 388 538
141 308 319
583 253 112
561 975 151
409 252 718
576 654 139
425 786 716
863 672 120
788 626 201
233 815 372
635 652 -11
736 98 341
129 117 265
889 410 519
67 31 339
746 443 168
211 172 132
929 383 585
218 694 480
843 579 -60
990 350 515
860 140 702
765 526 118
126 326 -28
632 18 395
222 441 939
840 970 628
426 884 732
9 162 242
389 839 129
977 391 -16
320 576 735
762 177 829
401 44 709
247 773 952
167 430 115
532 847 400
342 924 141
591 444 489
847 359 298
787 381 703
149 294 843
639 912 289
169 356 637
484 357 -53
466 479 125
429 400 452
461 21 838
858 988 789
801 770 -38
352 681 494
742 510 137
361 108 931
77 227 529
835 188 416
674 109 678
535 542 987
933 31 904
901 330 105
998 663 898
498 51 445
396 301 954
44 667 455
944 535 146
9 947 83
829 112 12
25 412 708
451 243 803
960 925 -34
216 920 -71
273 399 76
891 303 -14
283 96 257
211 818 324
169 573 18
874 358 526
913 350 112
975 301 -36
904 11 941
896 90 294
678 171 -47
172 241 741
636 509 -72
527 931 226
669 757 877
255 927 622
497 867 672
859 106 942
228 870 641
732 44 -90
911 335 289
58 670 880
403 254 796
960 433 141
97 725 583
102 869 473
943 63 255
183 540 389
366 680 202
669 101 218
463 635 68
978 85 341
406 367 -81
618 674 756
231 74 419
407 857 414
649 783 0
915 773 288
25 292 392
972 668 188
373 623 644
545 740 261
137 532 740
729 750 724
877 922 935
684 313 56
123 738 -40
968 929 569
990 172 922
214 717 156
778 834 58
105 576 253
228 354 503
477 23 260
266 348 350
912 791 457
723 283 535
623 576 582
66 531 887
442 144 560
351 409 696
54 8 938
78 82 913
757 229 494
837 619 532
651 141 957
784 366 971
521 628 880
655 957 26
29 332 683
306 367 408
547 650 303
712 832 362
155 752 764
811 338 580
157 317 -44
882 85 638
285 651 310
52 429 900
971 156 121
832 25 -84
175 611 -43
955 144 569
794 379 448
357 849 443
805 990 915
938 921 202
985 573 670
853 658 244
208 174 899
14 978 345
906 840 740
476 214 267
2 857 953
889 990 756
398 414 418
238 273 709
997 972 -89
115 646 590
883 62 455
658 246 574
213 965 237
33 116 160
558 153 355
632 335 106
632 834 703
576 184 408
909 299 593
345 549 -69
605 677 744
332 193 282
320 366 699
128 170 704
894 677 289
317 106 781
919 489 615
906 328 574
705 182 288
634 92 -52
303 727 132
404 774 136
372 268 850
722 300 649
407 750 646
710 849 229
929 464 72
197 274 790
268 70 -54
49 345 -69
110 672 30
399 967 766
304 786 747
836 537 409
878 970 759
423 519 811
741 799 133
654 350 957
353 723 294
81 909 741
712 795 657
67 401 296
973 861 320
868 21 756
296 378 -88
423 446 -25
786 417 871
505 956 168
567 875 206
251 78 715
907 47 270
973 700 737
11 508 66
368 71 136
247 31 55
453 388 27
201 55 390
49 165 808
16 560 556
857 706 -33
701 93 -15
206 635 651
410 101 672
830 153 763
480 272 32
95 372 206
579 456 188
573 581 836
237 594 637
377 890 52
810 981 758
199 32 419
742 901 44
251 595 946
106 751 499
961 332 786
958 363 823
379 346 887
372 814 289
243 894 709
753 217 -37
256 432 339
219 183 712
994 786 724
998 71 142
677 298 449
305 918 714
982 764 780
12 44 535
738 984 418
578 924 -88
146 979 62
283 598 989
488 87 733
423 283 930
939 482 441
425 816 236
892 820 504
226 700 158
739 499 897
754 468 391
533 611 381
701 821 902
897 726 37
565 885 555
968 452 752
18 48 698
388 238 393
548 401 750
943 59 299
161 223 598
401 398 242
477 25 873
529 590 479
566 95 961
416 240 629
196 160 957
232 212 43
585 487 -73
774 820 104
654 110 -1
757 549 -13
870 205 991
941 148 826
986 633 437
885 681 614
687 422 376
541 472 372
250 907 952
680 250 546
90 286 -67
508 691 141
619 161 166
544 342 961
525 539 41
902 438 875
612 127 182
25 514 412
87 578 515
605 894 989
901 740 239
745 661 614
802 357 397
618 155 689
968 155 929
205 156 456
738 313 -93
958 118 296
263 170 875
275 631 979
331 548 975
636 576 49
82 378 587
129 225 58
455 410 964
491 441 675
28 1 -92
689 604 113
961 200 860
923 954 396
510 683 642
640 705 661
909 445 131
675 935 924
555 624 777
156 447 600
595 374 226
938 625 128
12 96 707
235 860 990
114 747 251
348 978 408
582 79 48
853 809 139
73 335 919
204 125 85
14 399 2
176 498 989
183 380 136
751 672 901
162 448 496
492 225 282
698 723 155
520 811 69
633 816 421
406 488 -4
455 550 295
433 729 797
446 423 551
694 445 665
351 566 872
149 546 786
749 584 265
786 306 209
429 330 542
172 442 977
669 214 971
403 882 350
79 878 906
653 72 278
27 287 -18
234 788 151
832 134 914
411 405 145
320 59 -17
780 609 868
241 507 87
589 480 -39
158 529 -21
577 944 71
553 446 120
829 122 725
983 494 308
387 562 606
228 94 534
769 313 181
864 725 153
815 176 187
900 87 -57
564 760 891
136 776 158
508 662 851
80 115 -22
770 617 338
677 114 959
932 466 448
978 772 181
146 930 983
181 957 261
165 847 38
824 465 963
966 394 157
216 103 410
777 258 205
241 220 131
508 276 443
467 312 676
564 544 794
596 9 575
459 966 926
890 301 534
225 323 266
152 671 -24
631 928 485
925 592 888
143 22 382
315 303 853
509 185 444
283 630 610
132 688 748
431 756 808
876 295 360
696 825 993
10 122 501
361 975 48
892 805 55
221 344 330
939 984 919
393 887 485
844 866 902
342 563 180
963 680 824
906 488 -91
746 14 855
156 296 529
670 586 599
145 414 373
236 863 -5
240 269 253
364 782 7
641 109 111
92 311 453
151 798 482
805 122 149
613 822 878
863 133 662
113 349 235
822 136 -54
322 771 791
40 591 337
844 541 740
904 981 348
616 767 396
169 461 -54
325 999 57
30 368 905
127 231 638
364 671 477
477 233 844
779 31 107
25 709 436
765 770 647
384 826 768
951 443 560
174 383 536
588 130 759
461 363 822
697 813 827
128 598 995
271 121 264
436 156 380
592 794 849
867 989 935
453 812 959
216 918 952
515 808 708
449 19 608
515 119 955
325 71 181
125 805 146
692 801 -19
719 878 52
761 28 180
262 341 163
585 678 81
735 313 925
309 543 797
835 143 -24
552 976 129
313 296 327
238 170 848
615 368 -26
712 217 987
437 105 987
875 535 143
621 452 792
338 534 809
320 759 580
607 581 -46
488 667 742
211 518 795
769 320 595
937 223 732
572 15 390
701 122 189
234 5 942
875 773 14
937 691 198
390 417 282
7 767 762
770 462 982
355 713 818
381 479 697
497 440 350
358 42 320
644 314 766
865 560 745
155 887 370
354 384 258
65 846 612
69 419 728
175 428 698
438 843 648
539 345 35
496 353 349
324 136 108
649 193 466
100 788 133
888 836 824
201 930 884
540 276 -14
155 684 602
761 288 937
630 312 293
146 863 736
769 151 211
250 772 507
151 963 374
10 126 232
243 475 835
489 409 616
656 284 834
686 555 901
873 965 607
776 735 607
677 922 522
638 321 -9
160 593 150
66 280 783
200 379 903
654 635 8
865 129 693
191 668 678
900 207 880
688 803 452
859 445 536
548 865 550
570 177 786
181 141 993
962 544 748
505 492 489
916 480 444
385 405 59
173 312 778
880 198 799
659 766 464
909 712 225
446 41 838
988 94 113
179 194 60
350 257 484
870 784 742
101 34 90
801 49 138
523 818 397
601 103 754
99 903 464
822 884 404
710 626 -79
800 931 704
660 577 638
967 257 542
508 669 987
172 473 401
416 773 894
955 884 805
920 898 994
11 392 -32
156 619 531
662 393 744
367 93 494
908 941 7
713 912 299
794 26 339
523 371 775
223 228 132
29 439 959
620 663 597
88 434 248
489 343 603
927 781 403
176 678 501
25 945 627
557 453 530
102 379 146
755 106 683
214 390 680
700 946 71
652 208 560
233 397 802
313 606 844
607 814 738
733 172 344
676 419 220
763 774 402
732 1 896
242 731 804
422 961 192
265 884 579
63 604 88
911 321 711
637 169 92
267 891 844
267 803 917
557 739 97
592 478 94
49 809 435
135 872 601
219 150 464
735 988 674
481 948 129
472 803 647
341 195 615
451 617 648
799 947 107
448 446 551
203 339 -13
834 299 -97
116 913 563
237 802 -40
525 487 226
668 313 198
545 343 196
993 546 19
479 712 873
549 184 84
472 537 745
725 358 787
896 715 998
713 324 126
939 456 933
984 531 332
542 344 995
93 236 986
460 970 816
970 196 243
901 976 9
950 156 -75
185 504 460
175 890 713
824 702 -45
942 190 305
415 502 -35
331 967 383
811 537 130
353 98 786
777 878 253
45 760 722
124 26 896
874 189 835
351 177 282
93 613 501
868 48 738
567 134 148
850 500 790
98 129 849
93 654 542
781 545 757
214 734 770
297 859 227
711 58 124
62 269 -73
713 764 933
50 179 243
57 223 890
851 391 732
370 843 118
724 610 869
789 376 175
389 271 143
608 591 976
135 707 241
829 269 732
427 938 -24
980 123 517
768 602 222
662 717 131
334 379 206
575 681 555
135 887 138
404 810 639
341 103 450
35 799 554
164 680 913
776 44 363
763 360 142
495 232 410
453 368 371
704 201 324
954 859 373
326 771 612
447 540 527
197 734 135
422 593 905
585 850 529
369 129 106
834 181 865
63 34 873
182 526 520
122 394 381
914 0 442
177 45 577
32 424 531
986 965 350
447 190 -41
491 672 578
817 193 269
277 791 400
120 207 -73
474 399 190
832 850 993
543 937 614
389 280 438
823 137 307
767 18 406
423 152 429
961 94 972
625 723 639
170 976 -71
247 589 35
717 564 988
342 966 445
382 408 938
958 994 420
346 779 907
93 154 174
530 554 809
233 672 515
611 883 608
882 465 534
193 503 758
890 81 263
53 609 476
597 465 488
162 590 724
382 612 812
109 743 195
817 882 -52
195 658 194
371 164 69
362 916 807
949 908 280
451 227 766
475 654 995
180 538 81
199 223 -67
414 9 152
654 462 927
408 782 963
371 59 -97
887 913 964
362 756 526
478 977 27
59 975 861
965 710 874
805 856 995
564 421 39
314 484 321
836 765 398
369 906 642
340 625 750
666 181 176
331 197 167
216 169 34
158 820 199
318 12 83
435 118 -70
904 860 879
319 307 324
149 857 -39
701 56 190
307 786 516
71 181 713
581 204 885
426 852 185
723 636 511
124 679 661
768 550 41
327 809 385
323 593 794
474 455 309
870 973 290
653 531 861
424 410 436
979 174 165
518 292 765
348 641 678
578 728 144
22 398 454
642 463 -87
227 494 259
734 18 102
701 1 858
388 83 769
658 412 502
79 414 255
734 766 90
378 626 633
753 777 2
804 719 894
759 400 38
645 954 50
8 641 708
383 691 821
45 145 917
980 896 -83
305 617 571
581 815 393
615 346 631
952 810 334
856 298 -61
746 887 -77
820 957 366
680 87 736
363 78 346
243 278 919
498 166 485
432 571 -69
197 123 -58
607 586 430
253 76 -26
777 740 483
345 353 501
873 640 69
72 168 432
883 232 175
688 722 775
83 184 57
641 638 547
674 303 929
584 7 898
34 467 693
58 450 635
355 426 571
297 553 131
956 649 729
581 610 960
401 408 792
663 85 178
744 164 865
112 662 -53
184 995 297
503 845 843
140 772 631
215 834 650
294 558 575
523 476 513
228 895 43
253 815 391
275 903 857
919 286 52
909 441 757
20 828 389
270 671 969
283 759 873
626 472 633
741 623 446
853 101 346
368 638 505
828 144 901
781 524 120
684 161 537
515 833 717
675 330 -100
905 837 307
876 650 -24
211 448 656
830 49 289
136 548 390
301 702 106
392 269 988
974 701 287
609 922 308
981 462 837
147 138 998
31 723 235
448 940 989
999 435 568
213 991 954
465 151 673
188 986 502
184 41 318
846 912 102
996 941 281
54 135 295
593 851 92
738 594 172
553 351 559
4 692 -6
452 365 266
673 408 543
813 657 803
326 445 671
66 546 559
390 898 65
352 77 156
857 606 593
225 289 659
80 149 525
756 898 708
348 263 853
586 548 -16
348 588 688
48 471 -37
77 100 73
871 362 790
211 573 792
58 869 472
239 435 121
940 306 696
99 300 -17
470 184 443
853 824 165
100 710 484
596 896 667
452 555 738
552 232 20
656 838 -68
826 613 -7
617 62 304
82 902 693
831 853 257
833 65 78
879 526 65
541 579 365
746 63 82
111 384 688
763 228 472
819 969 778
660 565 911
323 717 355
466 841 440
494 580 508
333 766 365
730 357 287
839 19 588
586 634 202
168 630 576
319 351 549
310 965 175
734 220 880
790 502 922
737 214 -16
399 545 840
754 185 296
347 974 -2
570 455 868
95 937 787
683 766 168
488 657 689
896 127 977
505 43 215
368 523 576
624 825 624
35 202 692
783 313 512
490 672 135
659 54 631
616 992 310
659 891 14
800 292 252
569 96 67
694 373 192
696 677 700
31 408 520
721 425 346
824 412 635
258 73 247
815 468 904
261 331 135
883 910 492
909 71 333
670 819 175
952 466 413
471 441 944
465 399 705
673 719 538
410 400 617
5 338 864
721 448 259
885 728 988
315 178 954
4 441 36
732 947 652
817 88 393
349 934 743
530 142 900
108 73 694
371 52 326
530 558 941
742 30 25
140 999 848
433 558 981
111 119 -38
459 238 461
47 109 869
88 36 513
603 831 78
948 169 586
999 706 347
807 847 365
794 591 765
980 107 618
130 906 388
516 798 674
546 127 237
169 331 119
163 735 -55
921 821 480
761 696 817
315 581 152
88 124 904
242 558 -45
436 295 225
635 598 723
590 820 631
806 160 411
314 585 865
855 116 487
220 641 794
407 823 756
710 633 114
93 617 313
123 952 780
601 156 356
133 640 799
857 464 322
146 718 940
137 908 23
272 825 963
270 284 660
521 222 -85
350 821 293
694 580 196
711 71 872
945 370 288
674 431 463
198 541 179
682 557 206
913 439 424
497 606 -83
274 394 54
722 700 637
2 699 611
778 186 324
502 693 920
571 956 974
908 588 -91
401 814 512
841 448 48
367 381 791
467 668 832
699 797 997
34 267 474
225 231 338
999 936 463
380 243 356
779 955 61
42 520 833
664 180 925
367 760 384
288 439 216
934 405 518
14 67 840
732 85 199
945 360 799
71 964 910
123 987 412
50 513 946
428 910 300
614 495 988
976 980 2
770 853 -20
738 677 737
498 199 971
848 491 886
478 488 718
175 601 914
841 586 562
75 422 306
375 271 874
544 90 280
616 305 -62
186 847 661
366 3 610
229 867 847
298 519 857
977 713 703
641 937 27
994 949 138
711 93 8
969 797 252
815 888 147
965 79 669
205 337 192
574 179 578
308 810 548
822 743 60
291 532 166
407 125 -18
64 493 834
81 780 764
9 924 360
293 268 461
601 968 483
262 11 122
25 472 995
224 752 62
427 488 140
308 740 532
935 437 847
305 197 853
468 399 58
339 532 869
677 18 -58
170 831 465
111 525 -74
416 11 -8
415 391 82
512 895 325
501 302 -45
568 537 22
882 949 726
21 228 -83
512 148 951
473 158 514
536 917 442
6 916 264
105 355 958
169 938 13
989 985 -87
868 504 367
48 823 549
404 804 660
489 454 858
813 663 691
127 307 745
54 570 88
499 828 19
973 650 180
931 948 386
836 22 984
537 391 691
419 661 917
699 806 -79
804 861 947
100 274 64
15 754 461
657 267 -14
490 50 552
893 59 690
908 179 -58
784 237 666
903 542 986
878 347 66
619 196 -95
943 300 756
557 460 383
646 931 436
839 597 549
623 585 516
222 182 555
434 354 595
446 641 72
185 936 496
238 900 597
462 886 883
897 99 164
721 12 407
584 915 383
969 854 -22
579 459 126
21 18 585
123 491 248
741 310 316
965 936 886
474 74 550
539 682 963
918 249 664
516 305 50
254 539 507
506 451 407
567 239 684
32 650 834
330 295 646
162 800 188
459 723 900
114 1 856
13 694 324
521 375 602
34 950 862
10 130 137
586 942 -99
870 726 303
537 113 273
573 883 480
183 696 865
77 283 330
740 262 494
31 389 818
711 133 156
497 547 401
546 896 -72
843 360 108
593 521 611
621 564 624
563 440 671
113 284 604
379 404 11
686 414 205
281 576 367
382 261 576
889 823 89
632 499 775
598 278 -77
167 594 -6
1 8 344
701 90 731
795 197 293
868 233 -44
150 310 322
977 211 377
707 817 981
712 807 594
109 955 973
422 707 694
599 360 615
585 44 677
903 101 306
208 387 774
750 631 963
743 292 152
361 724 891
573 551 -22
840 689 -63
451 82 -23
424 59 841
856 394 65
919 779 984
200 389 485
5 315 690
58 480 463
235 3 -60
238 633 166
868 733 291
793 462 780
165 783 877
413 851 385
68 673 922
957 641 226
629 308 345
900 780 178
807 202 -76
288 701 -22
462 63 205
961 813 -85
443 47 535
485 425 968
363 260 753
859 761 -91
970 267 -92
75 338 869
734 442 319
691 267 355
190 780 443
701 986 781
201 750 703
662 25 572
840 454 914
402 799 806
939 290 419
952 855 418
877 400 634
850 292 685
729 516 892
594 514 761
676 985 30
982 1 98
549 511 282
786 58 252
630 815 -48
274 802 802
59 531 329
523 529 136
219 399 328
488 478 450
405 390 325
49 268 917
371 748 876
492 389 394
81 224 808
56 635 363
94 739 -36
322 537 10
997 445 502
155 447 -93
448 520 322
203 189 87
216 249 416
161 57 544
835 819 485
305 712 711
641 386 249
847 873 617
260 596 291
333 374 366
916 843 872
588 201 503
735 783 257
469 662 329
520 961 973
658 464 762
786 666 492
398 184 752
708 779 475
207 736 -58
701 964 599
828 64 632
14 341 735
95 947 399
745 832 910
499 633 573
465 285 887
623 891 487
597 508 153
269 323 90
34 351 460
989 435 947
322 497 309
238 241 461
143 313 530
475 365 202
245 656 520
411 6 239
536 464 361
400 674 728
101 669 736
408 513 668
495 391 459
894 29 191
66 759 161
735 323 786
892 647 224
534 708 693
436 852 430
25 590 -51
169 949 888
933 228 622
777 348 428
446 612 528
770 668 327
125 52 820
235 471 -94
457 855 738
889 713 -56
976 791 672
882 781 56
91 319 38
83 440 -10
677 844 207
460 331 999
683 867 480
10 369 646
116 605 805
625 612 687
57 407 771
563 47 704
392 521 813
829 172 -63
414 119 309
257 727 190
469 459 531
406 465 418
157 383 261
660 702 724
790 313 100
978 3 478
853 470 454
635 573 712
209 505 383
213 298 589
787 707 161
75 475 522
327 338 890
141 405 994
557 858 761
688 315 75
967 344 795
209 641 460
965 14 511
18 645 89
593 368 634
370 671 285
36 918 80
784 329 108
749 473 -11
849 46 675
556 352 166
204 110 541
346 568 289
773 780 285
457 659 469
84 160 734
527 615 -36
138 417 31
505 785 668
986 114 837
742 897 230
882 505 59
813 260 29
230 523 114
283 999 615
261 115 907
712 577 -83
325 871 657
154 866 103
825 16 72
906 440 215
534 924 509
976 68 608
606 683 757
812 106 -32
500 147 114
353 131 5
584 949 615
896 878 986
348 389 63
147 152 501
936 711 310
615 4 751
585 560 104
707 859 -68
832 129 82
747 974 965
955 717 990
13 129 874
927 246 59
869 513 798
674 689 459
618 824 445
749 119 469
268 31 781
622 625 123
133 861 857
770 287 79
631 87 -26
618 769 836
718 238 201
978 774 25
664 225 324
103 304 -43
109 227 830
628 408 932
975 294 697
407 862 994
287 208 260
429 222 629
384 955 829
401 552 749
523 300 -32
732 755 474
601 532 913
822 629 246
569 960 235
60 248 755
386 404 9
571 891 540
573 906 722
634 797 -2
360 550 527
139 190 780
882 359 871
424 896 -31
570 593 924
937 835 907
572 740 246
630 167 232
109 922 344
801 218 141
945 918 10
436 889 175
370 21 601
931 515 460
583 852 887
797 585 672
925 183 926
77 880 681
208 418 294
118 76 253
58 849 -34
86 796 989
901 92 304
483 118 733
451 629 319
17 531 256
610 892 -45
430 95 461
592 675 491
83 908 42
825 858 345
719 226 -22
286 572 416
135 924 161
923 631 124
931 705 926
623 470 399
585 332 951
829 584 391
683 567 862
431 72 827
60 921 926
509 530 54
487 856 433
187 498 883
425 676 537
509 977 37
786 405 230
76 858 892
916 314 -8
732 942 546
197 551 211
654 78 833
989 0 -77
966 140 -75
116 408 -43
897 961 750
767 966 839
193 514 240
232 987 410
544 418 424
395 92 749
410 31 509
570 921 689
768 503 195
13 157 -92
807 427 775
914 705 773
615 433 534
558 354 687
986 638 819
243 483 491
370 200 270
746 600 163
500 785 848
856 509 25
567 337 852
600 71 200
406 850 841
298 240 50
705 919 802
64 780 922
834 729 516
246 455 431
582 551 751
395 612 84
348 920 584
670 457 433
686 36 796
308 674 -21
355 422 61
780 441 774
932 656 595
519 981 818
56 585 977
472 260 204
765 75 292
192 850 -81
299 740 253
880 346 232
464 629 82
694 576 487
502 708 -8
876 794 579
240 667 820
450 420 778
568 283 263
773 734 44
105 68 157
523 707 822
677 734 599
73 472 -84
99 143 686
76 739 219
347 392 569
275 378 982
791 521 364
987 488 894
163 228 174
895 383 535
634 946 620
451 654 256
556 740 468
566 792 -58
205 419 467
861 479 959
13 102 209
915 945 398
160 506 670
391 92 463
494 956 -19
427 414 823
813 329 253
110 230 362
787 906 847
974 376 603
517 27 434
440 761 906
305 868 332
216 846 826
714 845 172
163 226 364
242 433 601
265 203 102
653 705 -96
359 102 829
765 960 250
706 780 658
201 920 886
564 411 591
865 369 70
433 900 21
169 332 366
335 930 641
299 748 369
520 435 588
81 593 126
475 908 731
404 869 937
202 800 730
267 440 615
544 566 205
797 716 780
284 250 293
18 165 123
919 393 829
882 955 279
977 647 284
226 7 597
38 961 816
825 921 876
213 908 610
313 463 -41
951 127 696
986 466 207
395 202 -12
870 850 236
30 548 273
690 993 873
212 364 496
296 822 649
325 760 211
838 618 131
12 31 539
86 952 847
765 184 508
583 560 308
491 8 467
304 162 255
348 687 356
677 44 206
728 669 -34
737 648 961
669 636 670
812 515 143
970 646 845
101 632 333
394 591 183
170 777 512
643 740 845
552 679 -54
145 300 257
328 64 33
306 985 71
585 591 101
161 806 47
950 883 501
538 753 491
287 350 372
699 321 258
669 898 939
359 722 82
5 774 524
764 195 865
74 836 598
908 833 572
811 793 404
482 628 344
900 675 -26
579 185 826
950 565 690
706 273 -33
914 906 967
854 726 573
433 220 637
865 300 826
898 629 363
6 101 723
150 830 192
705 481 52
917 184 353
749 453 654
448 874 372
356 944 241
199 111 462
936 813 872
370 223 72
342 105 618
715 394 324
128 908 586
814 294 35
365 342 178
69 456 -12
71 569 550
901 529 -10
406 217 607
108 760 574
155 336 862
819 795 516
58 463 531
371 281 844
951 825 132
426 139 662
975 522 588
609 982 550
100 670 250
759 371 852
143 300 28
844 182 132
441 551 -69
845 708 250
164 389 103
179 674 865
607 274 483
390 37 142
342 570 524
766 482 529
300 251 113
363 870 219
746 358 682
825 298 -2
160 270 857
944 350 308
82 870 632
200 368 808
900 689 837
506 674 957
495 745 361
471 407 89
693 542 487
550 666 892
919 671 889
901 269 165
135 673 288
910 352 14
831 869 383
415 861 -69
837 637 643
157 22 813
727 613 179
263 780 -54
965 483 -86
983 926 178
675 185 474
589 837 74
865 673 772
556 52 96
412 762 216
568 196 205
295 479 429
888 209 581
14 12 123
773 488 398
951 178 -96
959 693 288
138 406 421
999 891 494
413 41 665
944 926 348
742 954 49
831 454 382
214 78 -5
636 386 911
380 561 391
484 595 -85
586 379 897
993 876 283
556 131 -87
185 604 651
59 637 22
90 40 131
783 175 -91
759 23 -15
352 19 184
201 582 697
658 147 -73
820 826 873
355 918 577
50 27 888
974 311 305
487 324 207
839 396 -46
916 559 605
614 19 824
636 603 10
182 863 298
118 376 586
147 420 158
829 45 -92
345 866 512
466 652 228
562 601 937
940 213 571
905 306 135
472 748 49
895 633 986
12 118 803
347 915 22
304 267 720
339 444 701
855 70 696
402 681 989
12 396 748
727 102 63
759 442 341
945 241 694
300 64 738
786 901 536
88 394 891
12 164 605
353 313 794
163 398 146
992 469 388
687 650 209
186 838 -44
862 492 210
10 706 29
491 594 548
327 162 560
472 786 680
203 546 187
975 557 784
970 924 482
875 536 710
953 587 747
752 634 243
581 336 54
271 750 875
732 346 581
854 192 -2
558 741 962
59 994 242
613 834 170
405 228 872
351 325 907
113 467 963
661 746 451
369 151 415
594 183 491
123 926 590
739 411 487
659 287 34
389 646 630
785 383 835
542 291 399
73 794 762
331 3 622
867 453 -17
805 229 -3
956 250 479
281 183 329
511 931 990
428 581 994
173 596 29
354 300 299
865 83 756
131 816 957
32 53 -93
560 370 254
709 901 167
936 59 372
686 70 403
450 704 437
655 665 500
447 521 232
201 351 139
186 157 301
50 135 808
547 214 146
336 745 860
883 763 899
743 475 344
446 298 707
312 642 665
929 34 200
627 910 746
696 95 495
896 404 184
950 505 251
290 46 953
237 651 51
580 904 882
267 452 301
568 278 423
126 657 9
781 667 665
129 875 767
656 30 902
820 105 738
515 804 66
697 763 811
794 213 -97
930 623 405
700 743 696
337 657 -49
415 300 829
437 506 846
516 734 330
891 721 80
653 33 428
878 836 167
130 804 950
497 353 983
51 907 345
393 47 148
128 173 247
499 802 468
386 72 398
354 234 378
682 907 101
842 365 474
109 400 -40
561 87 156
78 346 282
775 897 514
565 743 771
334 566 597
984 755 593
765 139 529
15 526 911
465 475 969
314 443 571
825 414 113
202 647 767
367 983 845
176 408 238
114 148 487
359 39 -73
784 924 974
25 854 123
264 946 11
18 443 322
26 129 545
742 301 511
897 595 871
726 862 656
724 322 -72
408 125 251
65 883 987
270 161 -52
130 578 458
47 590 800
348 828 983
641 553 349
613 682 124
479 245 889
274 152 187
5 530 -36
745 28 145
985 797 804
905 299 680
59 764 -21
845 856 219
591 382 650
815 810 976
133 791 899
62 653 978
434 473 26
722 161 74
739 911 519
835 151 29
53 240 198
925 825 312
917 170 968
109 710 653
634 933 695
434 597 226
559 216 47
223 213 471
654 672 986
568 530 8
903 129 201
904 69 124
966 922 517
929 809 10
959 472 828
199 966 -62
972 665 490
919 910 920
797 412 198
750 263 558
840 983 675
687 111 86
833 846 -97
336 629 -28
171 774 415
268 193 660
544 562 531
462 75 386
685 439 633
372 486 454
457 930 -48
230 76 966
378 927 329
541 447 335
178 18 -4
144 457 572
733 291 723
235 384 248
119 424 862
960 754 274
333 440 362
937 6 23
342 322 893
77 197 767
198 569 72
41 474 690
130 321 848
581 372 791
306 831 945
187 672 394
267 77 -14
257 414 610
631 124 -30
363 459 807
403 765 256
897 739 116
484 266 837
570 460 340
8 755 155
569 672 464
766 325 861
841 761 253
288 323 5
874 867 420
808 46 539
585 987 712
754 927 469
76 807 557
885 33 882
629 69 382
200 427 500
521 91 579
524 994 556
800 895 268
954 993 509
731 68 79
274 343 572
669 439 172
538 225 72
948 236 982
752 136 530
953 714 924
850 532 911
166 127 316
545 205 184
779 509 680
678 616 734
942 699 58
74 218 902
840 227 107
335 480 859
436 854 250
297 503 813
253 954 180
263 154 19
58 701 479
441 467 242
941 385 346
963 587 646
106 956 944
509 681 524
52 312 587
383 610 560
136 87 484
303 714 893
251 717 772
678 650 311
53 747 495
300 404 65
477 169 197
361 196 336
492 425 160
846 396 984
596 387 321
767 612 787
796 772 740
520 368 -64
574 446 580
393 457 704
30 820 567
63 244 425
792 595 117
665 332 -68
151 106 337
827 392 -28
732 12 325
162 994 399
925 32 268
390 742 963
99 325 378
726 542 527
559 254 753
384 651 -74
230 959 864
175 746 -63
609 500 956
530 529 427
677 935 381
392 876 94
644 464 42
928 528 975
631 214 219
24 894 940
259 440 617
478 553 366
691 469 786
945 885 708
337 269 845
638 834 367
414 484 754
893 662 -29
880 488 575
955 913 462
247 558 437
871 209 -15
833 261 761
834 53 196
65 54 699
792 301 22
63 611 275
424 115 559
927 967 576
750 920 361
112 907 851
592 19 268
666 989 -20
433 351 185
893 808 573
211 107 65
367 529 993
376 159 525
112 33 55
479 531 916
633 175 787
305 948 997
342 643 971
385 968 387
762 698 127
860 530 344
308 666 390
781 670 830
330 352 132
674 801 368
966 600 909
253 82 829
960 635 910
929 578 781
805 606 -34
201 400 2
303 324 239
255 202 406
497 242 433
998 479 310
615 696 829
944 593 157
746 557 -86
189 68 234
542 968 -53
170 125 228
36 43 352
929 560 758
946 29 645
607 60 819
304 355 437
262 775 834
215 497 432
401 114 -80
334 926 -91
139 165 200
655 425 71
703 471 879
302 195 70
743 742 531
123 326 -30
708 22 254
760 642 978
760 208 212
192 218 884
721 654 983
909 266 880
624 283 647
41 274 819
657 422 281
619 638 215
722 542 283
377 92 835
198 861 412
291 841 646
496 84 663
249 741 -91
920 627 544
767 600 81
659 789 227
406 749 343
637 624 210
284 779 400
41 421 626
567 689 303
873 236 629
566 794 -11
861 562 -50
810 271 -98
487 742 -100
814 709 672
583 187 333
851 109 -78
987 401 824
839 222 89
316 233 147
197 39 896
150 331 88
18 933 937
133 610 91
360 294 331
593 97 4
220 951 872
239 881 957
987 237 663
144 473 249
853 560 182
585 879 149
26 380 375
102 129 447
844 30 557
299 417 387
159 539 568
415 435 255
58 522 -47
219 731 130
193 97 452
774 197 489
130 126 579
660 568 548
204 0 905
981 933 900
120 808 -19
174 8 671
906 258 112
636 208 854
587 386 352
363 20 759
692 273 230
956 209 -6
206 567 892
915 39 208
779 782 203
187 145 173
207 807 878
615 414 505
387 441 653
106 888 687
421 744 161
244 481 891
6 64 674
847 18 513
468 951 45
524 447 217
168 184 609
153 192 641
760 476 247
68 630 226
793 210 809
119 505 -4
203 945 987
67 891 389
373 466 792
256 424 996
531 758 318
382 732 835
327 820 348
197 696 350
649 567 555
445 982 -16
986 217 394
253 753 -38
798 76 793
952 189 734
626 241 892
989 956 498
832 232 908
622 853 153
901 128 919
82 33 169
207 902 617
828 621 -49
645 341 742
310 109 990
681 802 253
30 488 813
828 522 412
5 281 63
93 347 644
573 915 94
972 266 -23
721 352 665
494 973 277
175 113 890
500 849 428
653 91 -8
643 9 260
93 397 921
970 367 509
669 401 650
125 666 686
874 225 733
435 317 714
828 920 788
332 98 448
134 871 401
732 77 273
212 158 594
630 803 189
468 138 392
164 636 442
534 487 970
62 170 448
147 454 722
8 663 471
406 675 799
632 423 635
498 980 -44
957 516 643
155 243 294
180 913 674
140 371 793
231 339 -87
54 375 183
103 147 934
198 501 2
518 422 199
446 14 156
494 955 592
571 971 877
319 190 351
530 775 355
229 50 427
367 191 986
793 783 -26
172 918 -83
658 118 947
214 621 681
97 615 651
312 13 425
286 781 80
513 542 996
862 455 472
25 307 0
839 58 968
746 552 512
35 377 856
721 359 860
56 749 800
753 986 184
667 861 -94
513 22 668
646 849 582
303 662 604
290 692 112
681 814 -20
98 626 588
285 260 218
889 806 374
327 332 71
198 245 246
95 542 42
788 588 107
97 116 848
784 920 306
474 5 301
207 919 -34
150 696 238
361 541 406
623 66 976
939 6 664
541 497 773
528 976 615
949 640 702
178 593 245
619 530 486
276 165 431
241 786 776
905 705 257
152 584 120
465 87 865
978 170 863
261 921 57
351 797 374
753 921 612
729 629 708
218 34 537
865 552 994
336 660 55
967 828 809
237 626 -17
302 881 103
240 70 968
143 604 156
571 608 478
512 583 198
705 588 -49
899 456 8
954 119 345
934 615 92
405 50 716
602 804 -11
647 690 441
576 144 796
926 284 7
777 923 380
650 421 137
959 443 598
380 577 876
161 881 12
310 709 107
273 950 785
774 448 712
999 793 936
407 667 274
845 955 569
56 698 799
664 102 856
314 49 369
173 362 382
160 711 529
163 737 447
274 546 138
805 679 264
838 408 325
606 147 638
674 626 58
170 96 -93
413 335 656
194 681 150
181 984 649
51 827 354
198 963 230
531 6 270
233 616 -53
700 155 783
743 664 834
717 103 391
87 377 381
721 472 244
344 322 913
611 192 942
293 370 735
62 950 801
903 501 576
747 21 425
189 118 891
728 820 49
772 771 252
486 567 602
6 611 95
396 729 148
326 441 648
684 578 359
280 958 672
72 310 846
319 27 786
311 646 862
63 264 887
384 393 388
850 650 237
337 169 345
788 971 503
162 451 793
237 327 -81
339 286 999
108 469 -98
138 278 895
41 579 629
433 939 352
420 568 149
239 296 530
909 329 928
383 997 165
491 730 -6
387 914 357
581 45 231
906 757 635
711 927 909
130 182 283
471 69 430
519 937 92
852 325 641
918 739 360
557 953 820
502 979 -15
129 19 823
301 648 -7
912 994 249
666 928 671
21 456 -23
876 877 650
40 930 544
974 823 280
660 652 133
640 499 734
985 766 537
698 429 680
195 519 561
190 637 277
571 460 572
559 650 934
949 668 747
307 156 42
837 368 642
870 111 225
853 127 386
616 902 311
392 422 930
341 714 -66
365 615 980
687 786 18
645 260 720
861 327 782
780 408 335
785 21 -57
654 643 936
86 317 353
651 466 974
459 386 394
60 46 268
401 320 -15
224 744 719
828 645 -27
743 947 625
115 964 0
972 270 -40
858 13 587
67 375 -75
493 247 696
327 980 884
937 893 155
677 498 622
678 477 677
315 192 628
759 205 523
364 407 -91
372 542 528
216 224 130
825 276 662
581 529 826
281 414 36
377 639 650
322 350 268
589 360 430
728 818 253
799 93 492
110 229 312
558 402 903
260 246 883
596 872 308
518 28 419
541 395 718
389 190 -27
205 612 622
331 705 972
722 658 -57
48 714 431
78 858 626
437 806 218
651 908 773
552 724 195
858 243 720
483 607 575
769 649 -95
405 122 -57
307 87 889
625 972 4
714 668 95
923 344 454
