1000 4000
42 407 359
731 347 575
434 302 89
62 511 11
816 601 25
56 715 -25
465 821 -4
252 591 498
76 605 809
501 709 313
817 610 129
840 253 395
74 836 568
387 251 565
151 879 596
481 456 771
927 413 92
402 476 105
513 632 802
907 481 129
718 284 451
673 54 322
2 274 -4
395 195 -86
335 695 953
1 640 94
245 299 862
745 191 225
874 147 693
283 442 100
197 90 127
968 642 189
230 604 -91
879 584 382
845 43 222
617 705 550
514 893 235
782 690 228
497 677 271
252 575 185
31 562 148
978 600 975
632 344 285
986 201 248
337 370 798
865 703 194
617 151 677
663 402 254
34 12 310
454 270 637
51 943 444
938 247 671
419 647 932
763 89 548
361 313 659
941 66 111
233 311 133
182 584 61
284 240 125
848 277 447
759 956 -7
321 556 736
525 584 507
626 62 655
778 458 478
293 600 582
17 45 739
170 617 598
10 583 911
864 3 569
241 378 -21
59 680 123
666 460 934
806 960 93
207 229 684
361 11 308
965 90 324
149 146 427
71 410 405
897 496 330
204 882 141
306 692 -14
640 958 -82
583 360 401
787 503 290
269 7 891
404 254 664
580 903 333
893 209 982
133 468 630
847 454 779
670 11 495
403 205 107
281 378 4
337 728 681
942 347 997
135 775 690
48 747 242
365 822 345
54 931 672
978 256 418
472 819 671
97 656 717
679 341 233
418 887 306
692 505 -48
978 897 186
85 732 130
34 245 845
921 747 125
817 403 523
844 909 7
667 203 386
108 665 469
19 34 834
441 16 377
978 385 273
71 491 803
1 646 -82
105 883 423
700 212 221
149 23 503
380 744 486
280 614 115
794 709 716
512 74 396
547 676 303
893 477 689
963 353 744
989 866 404
725 403 662
929 95 796
130 341 446
282 618 980
890 110 816
363 25 28
879 723 50
721 100 573
676 970 131
960 483 316
753 328 158
450 962 289
429 201 285
428 72 104
54 689 102
938 204 660
608 966 422
573 760 345
924 40 872
556 829 828
900 729 248
831 430 825
795 174 58
793 791 791
589 926 408
739 421 200
927 714 333
273 805 699
316 893 592
646 894 -20
442 206 630
567 570 972
734 741 610
648 371 886
743 636 590
42 656 97
660 298 -27
740 363 611
792 760 728
222 884 312
321 982 122
943 982 524
551 546 -29
322 147 245
790 523 475
864 412 399
990 905 609
964 265 418
601 222 -78
306 509 943
540 667 949
452 50 491
297 943 340
347 152 676
641 73 448
254 585 396
288 275 603
299 842 773
498 795 90
98 64 567
136 774 745
110 171 235
283 500 895
666 44 66
265 174 679
901 337 -100
836 276 492
548 561 840
522 521 -85
988 820 612
572 448 693
580 938 246
212 842 118
377 565 19
396 760 530
327 207 931
949 872 410
568 324 483
171 291 585
554 898 565
804 932 930
514 807 186
758 284 632
654 270 648
765 698 77
372 724 367
494 636 236
744 266 583
528 362 -31
875 466 647
63 436 -68
348 994 799
279 978 848
71 394 743
224 806 660
942 759 590
388 257 823
960 850 208
560 231 225
557 517 405
628 540 546
522 406 971
97 763 -71
512 343 449
511 473 641
309 988 630
357 735 442
684 560 120
872 464 565
288 546 408
261 246 178
887 160 613
516 914 -68
241 591 -42
564 420 865
421 355 726
701 770 796
868 965 -75
587 418 286
797 405 514
738 33 259
672 68 95
913 225 46
625 814 234
782 97 206
971 602 303
95 109 139
456 184 111
54 818 609
931 137 606
749 304 569
687 104 992
661 611 227
565 633 294
101 855 749
84 453 409
565 285 500
128 333 83
254 319 -70
817 189 108
910 350 45
979 259 698
112 527 728
175 176 534
454 278 224
161 747 949
370 810 39
787 130 95
35 655 77
774 247 917
768 309 126
302 607 505
954 623 335
520 59 17
477 847 53
750 15 335
643 988 819
572 745 -29
714 263 515
462 59 -41
238 402 197
682 208 51
358 902 -60
20 153 686
496 583 485
487 751 757
93 454 322
974 814 939
993 380 833
778 684 259
383 830 -93
396 934 341
695 430 472
301 838 425
287 891 763
658 893 891
230 197 355
706 38 170
332 295 46
445 548 529
234 947 34
181 482 349
478 961 586
118 208 987
559 437 889
774 565 39
805 533 471
421 169 767
848 157 484
997 786 625
510 148 844
87 864 360
906 333 206
206 519 962
929 591 21
363 920 292
554 789 63
205 98 -4
868 45 542
953 667 909
670 818 30
645 777 106
250 683 268
387 676 964
530 409 2
207 60 25
403 235 224
769 265 349
571 828 454
682 76 827
503 140 -10
142 61 571
977 563 466
103 828 -46
232 514 895
650 305 205
649 814 357
213 77 602
584 965 95
389 917 507
539 413 485
756 449 357
27 67 504
462 708 414
751 7 927
902 788 396
150 676 705
283 806 -67
332 818 259
708 197 512
823 409 919
145 80 250
629 489 741
567 989 666
150 490 225
994 860 705
575 480 405
57 13 582
293 809 237
543 340 727
447 382 668
641 823 680
873 714 270
891 392 556
783 291 988
398 920 760
497 766 400
886 607 234
831 259 421
83 816 189
499 833 524
179 590 645
189 950 509
766 531 211
879 244 324
373 225 144
609 303 478
933 471 255
291 981 875
50 969 871
828 122 -29
842 508 314
644 779 788
176 66 391
267 116 420
112 408 996
374 757 539
267 478 400
38 596 497
482 837 960
655 943 232
792 880 507
731 629 821
809 383 237
616 581 444
684 551 -60
456 692 472
59 307 -17
519 945 45
103 51 754
979 499 -42
311 333 586
895 107 980
20 743 -4
485 617 950
650 608 330
339 740 886
400 72 -53
288 736 505
302 775 -44
222 874 764
701 567 813
704 217 378
179 120 -37
317 599 319
149 822 304
232 599 438
95 377 849
42 663 891
205 994 417
661 699 -74
157 296 504
703 156 450
860 565 22
657 626 -66
11 687 873
856 25 81
151 376 338
516 889 407
209 685 645
560 545 711
803 226 977
69 424 186
726 364 47
287 308 890
841 600 200
974 186 956
808 250 930
168 515 751
738 234 932
639 813 925
719 945 824
994 752 889
650 443 835
329 319 395
74 879 191
183 424 414
720 978 -44
151 676 22
464 189 596
81 942 795
237 466 726
207 875 275
700 291 817
67 0 955
376 552 371
173 785 592
280 778 746
370 584 329
406 927 668
901 498 905
628 862 -66
187 899 -76
116 84 -23
418 867 -60
647 951 491
565 477 55
50 234 619
69 171 184
785 610 65
229 870 617
314 951 78
396 740 618
601 610 999
620 956 -26
920 216 10
600 476 156
624 822 730
783 214 148
646 481 445
885 494 412
531 624 64
246 681 178
370 453 636
320 484 814
681 968 895
189 794 200
993 183 525
876 724 809
198 993 541
673 89 971
3 622 326
594 106 783
296 179 974
66 661 932
875 317 284
207 147 597
582 447 99
569 716 543
473 498 195
616 914 272
166 111 113
44 758 766
48 1 712
978 172 840
996 175 90
807 258 -35
128 233 497
697 351 816
229 951 624
574 202 40
639 54 359
270 857 -50
339 378 380
703 944 95
974 307 418
273 191 295
803 221 173
904 145 888
549 397 645
653 79 328
388 387 -1
230 483 959
914 777 324
218 184 281
919 537 532
101 60 800
132 517 360
954 660 189
577 972 600
875 228 880
281 456 827
174 684 857
536 367 26
231 179 989
141 294 -73
443 635 8
494 748 724
656 363 823
146 921 230
444 939 -50
318 575 266
625 571 704
609 121 601
160 126 856
778 740 -24
539 171 375
329 377 518
91 374 107
75 290 388
937 78 987
841 736 491
721 750 948
416 832 882
342 432 999
26 756 920
538 568 421
761 998 732
145 764 620
860 210 239
108 785 953
475 188 37
47 241 955
139 411 407
837 603 540
44 774 799
733 866 400
326 671 905
160 657 51
147 631 290
558 110 850
868 357 151
580 693 523
249 662 547
286 998 552
86 778 321
40 589 -77
904 364 416
351 835 916
358 428 -36
883 224 865
80 431 390
472 312 63
579 592 865
114 370 -75
233 160 261
623 954 59
43 477 83
450 864 617
874 614 772
865 766 766
245 259 145
951 878 359
698 547 687
594 604 919
607 803 41
684 573 650
605 529 324
879 407 -81
174 611 -99
999 499 961
69 927 822
750 198 520
921 297 12
974 798 588
382 478 915
533 710 805
790 633 559
614 130 842
279 881 891
128 887 836
65 533 978
887 128 735
373 258 416
544 942 -63
816 999 386
200 751 856
125 310 139
429 735 237
826 282 873
636 2 409
597 265 202
934 731 997
784 380 -54
350 203 747
968 835 353
851 372 -27
728 219 81
248 651 587
159 70 816
860 704 686
599 615 628
13 70 583
114 973 790
44 925 975
462 253 218
710 688 163
719 563 267
11 474 905
433 406 99
936 773 837
225 985 549
173 296 25
495 355 849
450 59 544
265 509 858
82 478 29
161 963 790
121 421 -93
547 137 749
744 513 994
99 775 231
22 187 925
610 651 73
763 137 129
897 337 711
145 930 580
29 915 426
769 832 905
508 780 973
609 745 354
235 757 -8
394 110 681
452 534 325
152 89 -7
651 925 469
883 705 749
295 157 389
27 21 490
113 836 604
560 629 346
66 268 351
284 637 642
711 476 714
66 538 416
388 195 768
496 775 684
202 622 749
108 459 948
783 732 590
677 484 377
424 978 488
789 528 488
539 352 906
500 557 851
797 900 -67
197 562 533
436 396 345
174 980 245
274 33 555
538 468 12
452 6 639
566 82 -65
318 5 935
207 615 541
712 576 909
423 518 798
960 418 765
996 14 236
311 706 784
296 822 379
571 875 -77
691 908 666
293 452 26
717 482 57
980 420 640
838 136 528
622 594 -53
360 609 -26
518 698 520
1 652 391
579 41 323
342 362 803
396 918 816
985 397 718
783 117 73
766 99 -67
340 837 182
874 397 474
698 735 786
818 969 211
133 7 476
659 140 287
292 957 44
815 382 576
406 146 200
160 907 239
795 857 392
379 703 639
675 629 -87
1 702 160
53 362 745
571 424 195
725 891 495
55 438 785
504 536 -56
436 754 946
979 981 794
965 178 -90
186 784 434
161 823 492
769 324 652
546 286 654
337 326 737
484 446 398
903 94 398
260 812 -39
638 434 382
516 309 182
871 393 597
470 138 716
587 987 817
554 664 689
429 48 997
645 243 462
281 987 832
281 519 383
363 805 312
530 475 889
201 806 427
662 611 354
475 780 135
709 865 311
502 716 926
489 671 350
923 304 948
395 802 -14
951 584 911
110 789 333
644 566 7
582 569 377
342 852 -94
410 96 943
443 917 86
289 967 540
950 566 -83
311 48 144
263 973 306
355 617 -28
879 280 873
816 70 909
835 761 693
852 336 191
219 797 426
817 781 1
604 405 221
415 347 694
603 398 846
306 57 647
344 535 894
8 573 30
416 528 71
699 508 224
588 662 294
890 181 334
493 699 627
763 260 773
751 42 344
839 333 953
548 301 671
303 686 193
977 649 -44
868 472 824
308 143 547
373 531 375
477 417 -69
790 623 507
253 453 638
923 756 897
424 274 580
490 313 445
508 565 493
852 138 -86
464 204 150
382 976 871
581 253 988
316 740 184
428 800 921
417 909 714
912 599 496
926 838 928
190 45 -3
617 87 863
331 547 90
785 419 577
65 426 411
759 123 739
304 886 41
307 104 590
372 249 988
261 197 542
294 957 701
163 200 346
288 745 157
322 957 994
38 403 762
599 419 988
169 196 976
29 671 149
724 240 334
433 703 292
351 376 39
612 657 -44
779 237 224
658 662 951
576 112 456
93 460 420
391 989 369
30 615 765
510 394 698
221 270 -44
965 557 -27
809 75 806
357 431 630
422 40 636
617 552 680
173 151 562
581 874 170
559 680 752
127 265 923
219 962 278
73 961 291
504 29 854
292 204 876
41 156 690
173 512 182
337 694 385
978 98 525
456 97 334
969 647 -70
924 627 187
739 642 155
161 442 880
669 752 630
279 392 45
455 207 80
393 318 -38
753 538 927
257 797 943
669 540 899
604 420 281
174 792 14
190 185 517
498 878 111
311 955 623
650 892 862
90 189 75
197 37 311
69 958 541
539 276 391
450 106 334
749 933 264
925 533 554
819 576 721
127 459 786
472 663 698
187 583 590
170 28 -43
379 230 51
553 260 137
678 516 150
626 176 107
795 212 326
800 182 303
665 892 976
3 13 151
691 209 479
816 552 946
724 163 619
953 997 689
72 792 691
122 414 467
485 738 642
39 318 751
718 737 406
24 676 294
668 749 292
574 810 -94
355 627 181
911 418 -70
238 904 850
377 953 850
755 356 760
734 808 996
882 363 437
659 558 663
292 686 399
272 675 595
505 731 761
440 64 290
316 354 545
427 947 516
461 277 347
163 582 887
694 659 -79
996 475 566
468 954 661
12 791 422
36 920 406
529 97 881
339 702 51
244 360 646
111 765 124
641 328 331
408 395 44
330 681 919
876 489 28
265 224 130
951 38 692
725 870 737
301 909 771
288 895 -37
311 531 721
103 663 313
740 458 741
681 509 833
170 922 285
741 303 885
980 601 189
811 937 353
521 332 576
635 756 -92
592 927 134
939 770 99
876 380 695
519 128 513
580 164 836
825 846 508
518 209 782
26 405 205
609 45 844
228 998 887
454 444 169
962 201 906
918 614 -100
41 648 184
64 48 710
26 585 435
974 517 873
483 910 811
76 754 266
879 374 180
70 790 340
216 56 644
401 390 -29
742 735 -8
21 555 753
266 487 221
134 958 333
902 99 105
657 890 692
370 772 820
960 866 487
53 519 140
870 216 870
308 445 359
412 209 526
111 305 416
910 667 952
685 981 736
550 218 666
857 357 558
392 168 397
434 607 934
923 849 35
427 878 552
165 943 -30
305 577 271
580 84 -90
717 30 703
497 72 709
684 235 449
832 5 729
633 315 309
408 185 916
426 518 697
91 125 55
66 667 711
132 536 280
655 719 915
141 258 286
387 389 197
192 563 743
81 945 634
19 729 843
281 142 529
212 161 570
926 944 579
60 792 465
537 801 570
491 110 581
844 812 2
769 290 993
19 313 955
897 738 579
913 546 -74
849 892 261
648 354 -16
296 261 853
184 693 541
595 754 777
795 139 191
18 387 731
135 678 903
4 296 210
107 966 783
132 576 -90
222 701 -7
118 461 420
760 345 413
821 850 -35
519 443 776
427 693 639
639 818 803
827 196 177
274 584 959
898 84 -49
194 529 221
624 893 380
573 775 529
692 780 153
20 805 382
313 387 962
95 622 425
757 734 371
803 512 705
389 407 279
472 885 346
304 28 701
272 270 -33
780 622 111
237 39 262
787 105 606
98 175 229
723 377 610
689 224 262
49 612 721
511 360 141
959 893 536
933 400 626
464 56 967
212 900 579
586 131 980
470 273 911
70 389 809
39 88 433
439 402 -84
30 549 523
53 61 716
350 774 436
857 187 388
84 545 742
635 352 60
916 76 58
378 254 36
348 198 578
769 809 497
856 661 415
165 367 951
714 191 823
256 672 36
13 539 325
678 590 496
732 772 534
236 713 569
155 56 272
150 487 711
583 266 370
719 501 902
570 96 619
869 356 781
574 516 705
29 807 480
328 877 659
807 183 -73
244 232 517
257 329 537
157 695 931
161 622 292
192 386 99
825 553 372
185 112 402
686 7 650
685 636 907
103 461 910
839 260 95
917 693 -33
826 546 891
326 738 365
582 148 338
314 801 765
731 653 740
464 646 716
825 334 766
663 991 194
389 220 602
171 677 174
761 535 640
164 405 805
107 247 763
781 58 795
484 143 -69
512 577 458
253 414 98
778 353 575
136 408 795
217 481 -33
662 364 787
285 212 607
105 32 476
749 968 900
172 518 22
520 587 227
720 623 653
311 633 442
787 636 693
327 324 545
527 718 961
326 805 172
571 819 -51
347 562 398
172 881 310
913 164 16
488 713 843
517 721 -47
854 195 512
740 215 -23
993 217 421
69 89 707
229 343 312
439 452 255
728 741 70
991 619 335
239 892 158
867 325 232
488 213 779
51 202 185
206 486 653
850 30 88
528 176 444
538 42 968
743 943 -59
306 170 89
557 297 363
25 522 231
761 334 561
491 912 347
901 750 668
113 364 862
62 497 598
503 636 219
832 159 670
178 213 827
82 373 248
989 198 352
723 982 320
452 443 762
792 511 418
794 800 702
199 768 996
20 80 789
965 555 152
341 71 519
574 982 618
385 608 676
21 402 39
903 450 659
715 523 813
714 929 91
877 398 106
740 840 979
928 996 363
121 160 901
856 595 91
237 275 721
431 573 -28
164 293 255
465 266 645
264 822 225
528 787 987
457 714 -34
732 557 10
10 949 911
91 832 540
472 806 583
513 466 311
44 252 229
992 288 388
732 95 830
105 503 617
788 757 570
265 803 -67
920 808 -43
577 225 393
546 353 417
755 30 484
436 817 380
722 686 690
834 420 159
669 939 267
818 341 247
702 577 458
759 495 11
969 132 444
898 457 538
750 19 457
901 638 713
370 220 522
456 122 653
367 360 399
408 19 577
424 151 541
935 779 338
96 391 549
516 722 640
117 278 -43
950 296 377
872 535 169
546 23 590
826 881 884
433 691 -17
339 742 461
452 303 269
248 776 345
791 381 187
91 443 760
437 106 545
273 620 989
421 78 62
699 658 761
58 987 71
538 356 91
499 541 -39
463 202 196
196 481 559
533 818 433
687 942 737
564 968 -67
153 977 514
137 289 323
413 571 -47
281 78 64
999 988 370
334 523 261
568 522 926
987 765 752
893 361 809
686 413 720
986 132 300
212 701 659
972 581 -51
279 516 831
104 464 42
205 790 284
325 233 300
727 315 211
601 591 930
385 962 317
165 796 945
537 985 690
939 398 207
511 78 216
83 611 -53
641 325 317
373 524 747
511 928 -82
127 853 925
971 493 831
501 337 87
570 314 222
560 503 879
22 851 575
260 561 315
855 747 323
841 348 224
0 465 629
534 224 382
377 220 90
594 417 -37
110 11 157
676 725 -41
413 359 164
250 25 755
127 318 915
820 306 282
153 845 222
68 416 -36
627 841 -69
9 42 486
112 211 -52
779 327 779
642 487 559
35 444 930
6 552 825
893 221 129
899 633 -39
783 660 797
709 13 870
106 43 601
735 51 729
11 547 799
241 274 659
132 208 783
242 224 502
267 28 989
135 516 822
831 541 607
819 979 781
117 678 516
742 189 747
870 564 594
722 991 354
523 503 832
51 405 336
93 735 911
337 285 7
222 522 -93
716 530 478
238 279 507
326 163 307
126 565 373
155 12 -12
607 29 641
669 662 231
486 849 746
81 367 91
231 305 745
428 439 14
613 680 786
799 2 674
167 909 828
293 182 288
920 84 866
780 28 28
318 60 807
745 198 447
372 9 222
967 205 498
602 180 550
954 859 826
881 981 765
552 910 998
465 923 778
290 260 -60
950 34 632
789 488 351
422 136 947
163 318 928
605 6 600
238 31 417
468 424 667
44 249 65
638 202 831
899 889 719
30 428 600
772 888 -52
381 825 552
106 372 244
375 269 880
550 265 783
24 669 632
245 934 790
60 31 343
52 322 898
362 271 18
604 995 645
689 616 -85
179 89 458
796 57 357
939 620 283
450 743 30
311 178 156
577 84 -14
325 497 489
648 553 712
241 439 341
464 889 599
655 58 122
775 408 844
443 851 379
586 970 504
383 92 559
966 299 -71
439 730 606
818 690 472
79 912 791
282 348 60
814 898 669
136 364 261
3 195 347
433 810 123
558 25 -94
799 358 726
79 228 437
139 408 878
981 938 652
592 472 69
534 935 466
249 266 -29
373 665 16
64 507 644
369 702 987
598 904 463
513 783 420
266 525 873
938 728 157
972 21 192
324 134 255
532 718 324
753 642 672
909 554 183
494 918 86
276 634 799
631 864 780
677 667 865
53 767 335
377 691 -45
435 520 333
929 648 95
564 559 674
54 593 332
649 597 98
977 567 468
82 691 34
640 296 216
581 751 128
287 780 368
447 501 323
177 587 888
521 591 672
397 207 166
87 90 211
313 172 641
967 69 938
24 733 555
40 437 -5
299 747 950
780 370 821
619 752 639
17 962 130
991 465 413
107 391 136
638 584 429
141 284 342
864 534 846
578 289 951
689 969 595
484 677 920
425 828 67
708 768 -15
809 74 645
356 410 -65
680 933 529
859 255 142
297 631 221
327 467 425
858 512 405
802 605 -24
973 901 444
823 545 668
832 318 861
383 174 690
910 236 575
661 999 365
70 530 110
456 994 141
366 189 714
813 607 477
187 563 310
734 231 -85
85 367 10
642 231 -61
596 934 515
387 758 18
652 26 266
805 277 604
137 855 119
974 685 841
587 75 915
357 469 981
360 313 240
143 233 240
929 444 125
460 344 490
963 10 -7
544 935 80
845 408 904
183 376 312
74 575 675
787 234 1
240 694 -4
384 387 100
417 952 735
643 638 865
17 190 256
211 811 177
90 30 -75
862 778 536
709 516 375
299 644 290
964 599 950
964 114 830
526 814 563
685 832 332
377 298 696
534 258 230
416 329 538
580 854 -87
629 192 439
644 731 752
862 796 899
198 834 520
494 787 282
498 485 72
961 25 181
73 593 294
898 811 613
165 740 834
928 985 802
802 637 959
987 253 878
925 313 942
644 378 -78
428 572 131
934 592 222
516 204 404
184 27 263
424 516 341
506 806 483
522 737 582
916 959 555
682 165 695
116 544 765
128 104 470
770 586 173
564 440 710
430 815 339
830 828 -73
789 850 624
195 740 146
620 325 285
591 897 -30
974 809 597
293 374 223
229 321 245
474 954 228
575 462 427
947 119 707
668 801 375
148 830 870
459 741 330
236 648 317
420 636 -59
422 553 492
647 661 769
409 578 855
93 677 526
737 839 46
127 867 692
511 718 79
503 380 198
245 680 -87
752 235 468
288 904 782
879 628 189
937 520 81
359 517 521
900 181 592
495 928 351
743 419 314
81 233 776
629 940 -88
989 387 948
953 800 23
916 657 721
542 470 88
794 594 594
563 439 919
998 675 711
318 897 458
986 626 -77
737 475 173
256 646 538
195 491 846
767 802 115
510 879 752
10 240 790
676 287 787
852 273 38
186 439 422
327 834 211
304 640 247
726 789 530
329 518 453
874 784 4
918 174 282
471 697 767
839 605 882
997 220 173
967 43 96
712 440 907
551 56 159
271 825 13
317 610 184
307 390 449
889 54 133
935 767 421
638 979 273
42 361 933
112 243 950
463 650 209
140 943 434
280 690 652
310 936 210
188 542 1
239 208 372
131 643 255
69 32 385
712 398 574
119 668 88
532 775 876
479 285 625
11 687 251
239 31 301
962 905 520
419 936 233
989 636 241
341 677 659
32 729 800
619 208 663
690 540 -96
754 837 72
414 960 99
659 189 325
507 376 681
955 277 100
260 89 771
152 258 483
90 924 -94
642 468 50
306 120 3
373 234 808
51 509 320
34 303 1
851 762 725
480 542 603
954 332 523
547 313 287
145 457 201
650 794 813
960 77 -18
852 940 698
530 993 1
982 203 389
754 927 555
396 607 187
165 962 -88
632 565 841
563 62 576
198 747 716
562 818 499
970 84 -64
753 889 -10
147 149 694
50 220 832
922 63 -71
446 812 382
689 328 619
898 433 181
264 560 768
505 121 147
538 540 266
348 804 371
358 954 378
691 577 675
955 374 813
990 857 920
150 547 611
990 220 826
788 163 811
154 42 927
268 796 52
628 613 653
312 224 593
426 374 728
743 595 155
454 946 790
370 740 757
949 352 515
245 565 508
842 749 277
631 110 950
276 51 371
316 449 937
33 631 721
257 557 339
592 278 563
36 838 860
328 274 -67
705 310 568
836 55 580
392 484 86
644 439 269
37 413 3
580 882 902
577 986 677
499 458 821
893 291 228
56 680 268
814 643 953
212 600 765
424 258 830
635 799 16
185 496 691
368 688 -14
986 427 81
328 517 97
521 976 293
33 385 284
48 907 846
655 864 565
650 179 -34
495 814 231
567 672 999
445 763 478
940 319 -12
641 468 -58
129 355 270
492 607 10
710 222 746
255 232 556
102 747 356
836 929 164
101 574 35
471 522 20
420 489 314
202 459 919
968 743 660
885 324 591
425 100 196
952 123 875
723 369 27
641 845 190
573 62 397
21 617 255
852 196 -64
721 677 367
451 35 458
446 25 5
720 119 913
85 319 404
154 565 78
978 138 31
29 935 437
625 960 688
269 842 807
215 684 485
73 138 290
484 495 694
863 691 693
420 827 505
412 131 903
246 768 -74
815 862 120
136 507 337
98 294 386
833 224 972
973 873 180
258 17 839
924 120 337
957 360 842
124 984 139
570 930 -79
149 607 880
608 651 462
630 385 26
662 350 961
366 91 -97
24 658 808
96 605 296
608 489 519
399 900 691
850 279 -71
738 605 962
728 437 385
71 595 325
191 175 809
886 826 854
925 335 700
903 341 74
520 482 70
398 411 542
51 879 259
816 15 316
586 841 139
299 246 503
473 233 347
323 497 42
470 332 285
754 576 641
476 810 882
989 652 203
706 510 258
458 195 15
277 708 347
61 662 63
142 593 539
158 596 792
337 343 927
616 813 991
404 830 366
79 96 283
133 333 855
261 133 -21
59 553 614
138 745 753
59 374 742
95 262 -40
142 980 763
619 75 674
936 883 802
61 774 289
481 82 611
683 947 238
626 466 871
925 788 119
512 583 363
394 30 77
763 216 109
367 568 922
461 938 -85
844 628 900
351 687 389
752 782 409
911 196 587
453 305 -98
965 837 266
419 191 254
486 747 35
696 301 714
445 971 502
597 6 607
402 945 17
666 37 368
295 279 489
139 607 229
863 45 642
639 763 422
3 884 678
330 82 843
652 215 978
941 17 -21
732 453 576
61 94 910
616 590 841
246 203 207
723 138 -46
983 75 765
182 706 872
372 508 38
99 711 539
360 123 298
910 783 209
953 25 986
765 366 908
62 661 970
366 22 948
769 102 627
994 659 270
201 985 537
47 158 481
980 103 933
139 398 365
738 38 306
606 187 -9
869 262 422
598 928 -97
417 253 96
275 350 188
446 749 625
6 668 923
275 638 62
568 364 881
542 267 113
338 808 -22
740 945 -55
806 656 485
299 892 -62
434 563 886
575 216 549
265 862 777
746 48 413
691 114 449
660 737 379
922 939 66
424 491 605
923 606 181
542 838 309
321 968 420
48 209 64
122 357 955
139 936 231
474 412 236
909 446 526
9 843 -67
440 358 534
301 126 768
326 23 835
949 503 637
941 500 190
129 903 615
29 364 354
17 259 506
160 711 583
640 206 729
840 807 438
653 423 587
791 106 925
814 936 31
407 440 -73
931 796 84
630 75 387
877 804 323
858 801 285
834 579 193
859 918 925
543 840 499
880 933 346
699 659 387
833 642 65
507 946 313
249 974 635
507 68 624
202 54 697
898 206 347
176 378 7
976 183 803
54 711 390
36 926 231
908 515 945
683 966 448
557 230 610
889 234 118
49 159 549
456 584 990
95 708 835
675 354 579
857 967 -37
776 743 291
539 846 538
586 874 696
210 971 986
951 382 723
935 872 553
797 949 974
425 380 343
171 148 928
980 484 987
251 655 703
263 542 95
567 824 744
664 732 296
685 343 391
53 541 253
657 647 655
463 749 493
442 875 177
446 816 153
486 510 728
198 34 95
535 304 57
305 869 471
826 897 402
675 748 714
812 875 34
443 911 499
592 734 421
778 806 931
207 75 779
379 517 849
928 349 283
148 197 -92
816 591 530
270 430 228
326 607 610
540 420 170
206 542 -24
16 416 51
64 476 524
743 700 751
867 621 177
762 77 96
955 323 68
315 350 107
913 176 922
916 767 234
331 230 921
950 879 581
583 3 132
247 763 250
294 40 36
427 408 100
789 960 796
895 238 897
425 221 324
449 207 509
572 336 94
815 411 399
465 851 12
995 731 368
761 833 254
877 121 608
185 276 924
605 790 24
806 291 13
365 925 716
528 719 332
406 529 -11
925 851 560
82 496 580
654 780 347
325 111 385
14 620 -24
982 483 578
239 818 801
318 883 441
732 251 685
684 529 -70
301 423 198
321 31 202
71 588 349
886 711 497
583 901 337
442 186 134
601 422 295
70 75 740
285 874 65
853 885 749
359 109 370
189 538 -66
910 208 555
342 462 527
545 248 156
310 24 -58
762 698 25
759 814 387
508 195 -51
155 356 526
299 930 886
571 460 200
798 680 376
905 118 230
814 604 156
970 809 -40
444 805 938
565 194 -35
529 308 795
608 871 388
944 898 -36
298 738 464
746 750 60
240 267 118
790 573 141
526 416 291
803 939 52
296 72 102
197 138 775
951 279 -63
638 491 952
168 346 510
137 445 487
697 847 872
428 775 317
249 201 356
50 12 90
558 319 10
473 451 139
761 488 541
832 485 911
492 757 134
518 129 765
84 605 677
766 211 750
900 150 75
732 742 984
296 133 635
194 717 505
662 277 89
74 591 635
21 46 967
720 775 757
477 259 271
499 54 711
944 12 602
872 7 577
818 698 511
903 679 -5
293 169 823
996 104 735
695 489 -26
886 468 361
373 208 289
925 758 270
862 485 352
106 394 214
808 476 864
642 354 903
562 406 38
170 829 432
623 772 190
111 572 97
557 739 218
271 757 427
693 146 349
893 407 380
309 189 -72
560 527 384
747 619 343
203 247 55
434 543 29
636 392 197
92 301 588
873 919 732
437 704 521
191 801 231
658 426 279
189 757 79
410 762 924
353 768 104
210 156 309
347 107 123
178 301 423
462 648 617
121 941 699
517 825 34
947 402 467
494 672 62
792 986 381
581 421 423
264 575 472
502 863 819
939 298 298
844 853 509
705 332 -71
119 292 747
627 410 907
189 602 809
666 583 529
764 47 478
320 612 463
897 748 379
876 731 670
921 400 644
141 606 285
920 6 782
904 742 -39
314 373 733
577 153 871
522 538 736
310 680 875
725 164 831
535 155 236
216 247 882
517 703 738
543 135 173
956 376 697
47 418 663
829 298 477
30 573 550
68 301 565
412 169 885
964 160 739
276 981 131
172 534 911
765 234 258
789 285 841
102 696 71
578 311 193
905 807 206
470 66 200
984 887 275
618 481 372
320 205 95
728 928 501
852 369 245
970 997 746
409 752 881
507 947 -87
583 535 407
269 101 871
637 956 393
206 52 979
374 647 -58
3 836 890
360 329 533
547 66 849
444 843 616
114 981 476
427 921 780
988 560 64
146 992 144
970 918 943
473 182 101
980 522 353
170 363 -58
650 183 824
535 328 -22
974 450 970
376 558 746
218 706 456
199 325 -75
663 431 403
784 444 802
296 872 228
409 467 708
562 971 695
661 181 828
339 151 583
730 689 497
995 751 813
779 835 793
61 937 590
734 720 990
877 983 254
537 900 365
559 758 769
167 298 628
923 204 587
431 733 211
693 414 181
505 955 911
205 768 844
18 875 121
397 977 -41
590 189 213
863 579 282
41 477 402
945 364 962
281 784 546
142 582 232
544 35 17
215 219 -10
62 210 923
444 739 256
603 937 105
335 229 591
634 719 80
987 492 131
811 975 130
366 893 78
11 34 514
945 121 662
544 200 -30
831 55 83
375 983 -24
590 900 115
898 512 89
566 641 46
788 839 813
676 116 384
541 773 663
730 246 270
206 882 912
657 406 464
767 278 817
812 978 819
319 462 412
365 404 437
733 277 -91
225 530 489
202 490 195
505 292 -58
560 340 616
295 617 496
417 343 376
158 207 200
981 847 292
426 181 371
739 807 219
210 669 865
256 562 838
838 466 393
236 457 220
955 442 702
114 594 356
991 761 800
816 692 64
887 240 546
641 194 330
241 172 454
172 771 147
132 209 558
27 618 208
370 559 687
347 180 682
484 872 324
836 687 -96
919 442 618
116 624 475
630 428 206
160 127 968
757 223 -29
996 936 710
548 940 113
166 973 802
788 778 430
880 652 565
25 874 988
741 572 556
397 751 440
359 288 624
202 549 909
190 926 -25
263 843 -36
819 725 201
368 38 487
890 853 448
382 868 519
133 475 356
176 167 983
557 311 701
542 4 89
358 20 -98
732 593 615
463 573 143
474 173 -71
466 836 343
238 540 729
798 381 783
72 733 -78
282 888 28
506 369 -94
468 603 855
568 61 996
879 537 551
776 25 265
133 502 125
102 740 655
722 171 430
759 724 144
155 811 431
690 172 178
631 195 640
145 643 597
283 809 127
21 433 760
612 509 282
29 8 447
653 10 204
228 255 829
973 488 486
134 207 380
139 560 78
510 878 484
128 344 857
661 737 680
960 208 730
445 608 792
588 269 34
686 109 197
827 473 267
792 480 853
185 474 -55
401 336 721
754 452 124
125 741 938
766 111 415
814 280 492
395 35 845
363 501 827
321 474 774
380 723 373
406 767 606
194 235 948
186 255 965
309 859 80
748 22 404
507 715 259
579 603 3
216 357 528
828 182 135
16 404 723
487 536 384
500 456 838
656 728 29
775 748 -53
342 829 558
582 463 -29
703 11 534
257 955 306
891 399 171
912 748 919
210 433 930
225 959 667
869 333 57
531 710 577
308 82 425
981 70 442
632 567 380
423 412 274
867 18 729
316 535 52
567 435 974
129 507 572
43 978 715
752 899 926
289 490 970
627 281 605
104 81 119
228 827 757
45 121 706
465 871 1
258 592 66
860 481 32
133 691 448
748 226 218
845 678 464
787 127 874
303 556 339
710 862 893
254 456 -44
259 237 660
506 967 425
360 596 285
919 821 632
777 671 223
543 720 397
297 946 395
69 457 283
645 387 288
572 865 479
123 950 356
713 383 338
916 795 501
420 517 849
759 844 772
222 75 894
617 728 196
486 192 361
818 563 136
441 40 915
789 175 81
47 472 161
484 926 351
616 515 569
667 885 -97
3 937 -63
935 938 97
571 800 875
384 899 536
258 489 304
686 279 158
931 404 210
163 781 647
25 409 647
359 323 814
783 795 596
751 351 200
726 742 36
443 429 656
320 27 896
639 817 792
548 569 593
99 526 781
6 313 373
159 898 962
991 384 211
948 731 176
986 276 160
604 593 783
616 548 788
50 885 981
833 265 -93
83 503 807
575 592 128
78 209 61
73 880 597
188 539 166
21 573 477
598 532 881
217 809 672
479 579 342
95 588 868
652 40 802
358 469 778
477 67 83
31 581 116
165 563 258
609 497 382
158 311 -44
13 682 564
662 892 399
609 832 -90
618 365 -23
847 556 -68
111 220 770
189 632 899
543 289 543
535 427 528
145 873 40
923 207 775
517 737 912
747 294 136
584 734 358
839 527 20
32 140 360
604 207 781
568 824 839
58 258 592
706 892 19
605 779 153
493 958 397
830 900 126
553 853 826
954 491 409
149 832 272
908 897 383
986 951 45
989 967 -32
827 456 899
7 37 512
703 879 691
190 570 372
314 245 96
116 657 118
680 91 674
30 734 202
883 268 614
798 263 38
147 680 510
982 6 595
771 960 685
323 783 799
75 680 491
503 883 183
720 812 -51
56 435 948
953 778 368
441 93 814
409 957 158
277 466 182
341 789 925
634 105 219
444 27 678
535 17 -55
718 153 915
310 36 87
380 964 -96
240 105 313
46 748 201
11 26 657
157 530 743
918 510 468
986 173 854
152 364 870
927 355 807
709 411 830
19 551 953
397 287 -94
586 519 671
790 168 83
338 747 306
68 953 346
518 396 941
135 243 221
265 260 314
189 330 860
41 1 112
833 761 107
424 997 616
698 142 151
634 799 880
82 766 677
653 89 -23
452 125 420
882 644 234
864 904 559
510 963 -17
346 758 282
991 28 379
601 494 945
86 864 597
899 699 -24
403 127 418
402 179 857
259 814 221
349 817 459
1 528 329
957 160 883
362 488 -65
685 203 695
785 911 655
985 258 -27
248 167 864
575 353 -22
625 597 17
767 956 -88
634 180 675
434 3 254
218 109 877
43 24 918
592 203 741
662 133 131
942 424 362
686 24 590
377 654 190
371 16 909
588 268 245
369 794 631
921 677 603
665 316 546
193 273 22
519 235 -7
250 813 -20
908 684 402
37 686 597
419 979 509
438 788 944
182 611 278
89 818 431
256 737 902
419 111 471
161 566 899
855 304 289
964 130 668
589 182 -85
583 524 492
380 513 -80
500 896 895
497 697 639
738 248 495
407 401 343
286 147 245
761 111 906
543 640 -100
467 283 -56
668 698 766
994 236 424
981 609 17
972 17 557
998 501 217
4 96 574
90 810 140
550 626 639
428 889 510
165 714 204
802 88 368
682 938 880
691 895 821
889 714 694
859 429 467
359 526 238
897 261 299
930 986 955
434 555 255
511 202 604
638 387 452
64 281 739
625 169 674
71 208 234
193 422 -12
246 773 864
328 609 567
650 861 10
655 813 885
507 676 967
150 273 240
99 471 454
964 848 424
155 647 258
946 27 628
906 218 899
709 20 127
730 693 149
90 995 945
518 522 364
679 544 262
248 426 368
170 318 -2
245 718 533
454 817 497
854 376 819
320 42 282
915 877 444
39 229 429
886 980 691
318 246 436
398 680 630
710 379 377
591 580 107
61 855 736
660 138 309
951 855 568
533 486 486
495 136 717
771 856 874
78 453 973
434 301 471
774 52 518
371 223 -12
189 468 351
931 160 -91
747 608 167
163 337 765
483 687 22
922 243 878
519 544 639
396 658 -20
825 18 626
461 733 751
803 325 848
913 153 693
157 687 989
237 29 -85
304 82 592
842 174 593
473 773 535
880 970 556
183 250 751
948 427 620
918 504 -91
111 744 517
503 966 162
767 849 502
103 209 678
236 45 399
918 169 57
92 718 547
859 552 49
147 224 208
581 983 265
469 233 769
232 773 197
341 661 866
248 765 115
253 570 370
450 323 -60
900 992 683
201 712 534
945 802 236
667 344 137
367 572 -78
982 889 954
636 709 816
515 742 95
572 431 311
43 719 841
809 628 30
860 111 -48
165 788 917
819 829 571
752 495 801
905 26 966
120 927 655
235 585 715
567 154 184
91 529 244
258 521 990
887 480 827
856 187 -2
146 157 923
301 547 931
772 685 995
485 990 570
622 1 667
886 918 6
753 549 210
807 469 995
148 270 939
819 61 47
730 278 567
436 474 -36
559 833 708
594 825 386
754 746 966
64 334 815
900 443 702
31 450 273
461 250 354
684 233 206
411 313 556
864 35 597
558 827 42
424 783 -45
625 956 200
55 968 -87
170 318 187
163 264 814
766 964 357
320 605 33
127 904 775
244 931 288
108 158 -88
139 348 848
686 778 617
83 774 695
583 535 468
471 745 -32
407 112 300
902 2 89
495 135 514
398 91 22
189 842 539
967 824 947
55 714 629
223 405 212
558 496 145
464 518 879
394 949 271
550 422 441
669 179 -34
210 546 -68
610 203 73
831 778 332
544 753 612
308 1 208
754 53 746
181 748 -27
212 612 323
805 857 885
483 863 731
701 562 118
600 256 784
750 624 26
349 769 47
410 96 212
722 505 647
179 394 298
310 450 131
706 520 -83
180 495 935
107 6 366
508 812 990
410 363 279
954 86 939
751 211 610
551 117 813
968 208 863
560 215 213
14 359 31
196 224 657
693 646 834
410 413 359
437 872 470
146 878 147
505 212 546
826 186 966
829 697 597
611 637 991
792 323 930
609 815 389
314 490 385
483 817 514
329 156 513
863 899 795
449 374 781
639 730 79
892 77 135
546 709 283
207 588 113
597 832 53
457 349 925
303 708 830
595 523 212
582 978 69
346 70 880
281 559 663
126 8 886
888 493 428
736 218 795
304 341 759
322 194 223
172 876 54
93 229 267
2 867 531
651 41 251
219 560 42
597 679 837
281 9 655
619 465 269
701 382 765
840 398 622
519 905 833
484 2 -45
654 679 351
341 293 -14
858 523 340
955 928 694
17 338 396
787 659 310
393 442 429
467 473 795
423 716 493
379 65 783
373 21 295
791 623 156
75 885 223
716 12 497
565 551 480
766 513 514
782 869 501
991 133 411
231 577 796
623 153 134
882 598 240
114 28 835
723 227 137
403 306 650
620 500 222
520 422 968
170 615 930
739 20 166
354 36 558
424 580 119
302 523 18
320 54 955
341 999 -62
788 17 869
407 624 115
570 35 963
797 381 186
674 530 999
398 416 775
873 80 356
345 126 -53
663 223 577
240 548 430
920 599 260
577 343 281
120 509 690
804 359 -35
918 998 940
55 260 618
748 125 190
65 705 870
527 428 500
690 410 273
828 583 485
279 461 407
682 943 143
416 804 930
981 158 393
226 128 -17
249 321 895
711 517 466
502 893 530
996 393 -57
44 477 386
187 208 709
688 523 842
884 337 803
293 31 917
263 780 541
577 708 387
799 584 536
351 164 57
310 257 207
121 383 846
728 718 58
494 731 695
585 983 287
673 709 828
197 519 114
800 216 597
867 3 359
600 363 436
710 907 752
44 728 271
498 188 994
150 976 559
33 128 654
195 78 33
623 67 801
547 618 370
444 742 293
797 681 343
507 549 690
5 700 389
855 337 126
51 276 54
409 194 247
611 862 358
534 677 902
354 315 662
641 249 687
59 579 -99
594 54 557
395 17 990
904 997 76
648 358 113
532 250 384
196 776 255
37 735 -96
143 714 860
76 40 664
902 737 616
932 534 46
878 284 -52
470 602 154
533 180 40
312 913 827
93 844 638
439 452 526
945 402 261
150 712 387
926 574 -95
344 300 530
372 50 656
418 943 650
198 376 702
169 412 887
42 151 345
528 799 940
387 173 404
915 684 592
757 23 602
636 678 390
683 539 676
367 835 374
854 755 394
981 78 133
382 444 704
684 531 958
692 88 882
679 899 261
561 224 737
182 727 616
28 464 121
145 113 320
619 507 601
849 822 493
816 872 -30
260 163 911
681 969 952
324 608 801
390 453 557
559 843 685
760 61 598
36 730 112
919 463 -55
414 292 267
660 263 280
885 497 48
291 930 648
40 933 302
430 8 41
627 436 -79
817 551 -33
27 456 725
82 148 116
387 713 339
633 844 455
920 404 597
468 310 41
722 717 290
221 523 990
219 302 61
946 658 170
769 76 884
440 600 668
462 27 481
317 279 656
833 428 23
18 352 101
755 449 248
533 739 497
981 61 20
610 191 200
408 263 981
468 89 92
808 186 847
103 930 75
251 943 539
751 717 950
525 467 216
152 996 710
776 991 297
791 559 159
563 788 132
372 866 566
359 527 400
25 590 40
944 548 965
160 890 43
219 467 444
437 974 217
69 703 640
823 284 660
870 256 605
499 820 978
63 7 49
719 598 118
111 200 995
463 486 264
985 330 156
918 569 44
561 533 199
727 203 945
338 45 340
533 305 438
483 600 563
731 848 667
395 555 905
363 299 693
240 705 304
340 376 754
739 8 323
905 605 118
454 709 667
113 566 558
419 104 945
733 677 442
929 835 577
11 922 736
699 204 897
342 698 590
81 419 32
477 530 477
242 583 790
390 162 475
410 259 149
692 954 851
440 6 415
257 902 412
647 23 674
669 857 319
92 564 893
851 164 876
308 124 705
702 781 112
460 634 438
966 156 760
693 617 990
408 36 978
290 135 703
215 206 312
965 588 931
279 675 271
734 971 188
493 649 174
702 734 680
331 286 208
734 393 800
655 228 93
106 306 277
571 415 543
936 846 766
731 220 873
535 52 430
489 775 324
350 157 884
982 600 204
693 209 791
53 617 586
530 209 27
380 629 760
413 739 270
199 67 744
13 818 113
599 833 -29
963 365 528
639 492 696
269 163 983
588 98 231
94 959 902
516 688 -54
468 830 915
381 465 550
353 520 79
913 678 68
823 96 746
767 311 614
734 408 563
777 901 434
882 948 876
779 701 -28
393 947 263
20 995 -40
84 171 445
166 571 222
317 960 233
379 726 570
370 212 680
382 583 944
940 454 605
354 585 -33
531 989 791
10 57 -48
899 274 433
20 739 759
130 121 587
555 732 79
827 364 594
878 147 518
437 47 126
710 412 165
160 740 723
797 112 912
586 692 429
527 420 869
485 859 423
799 406 997
370 840 915
888 355 11
410 815 282
675 235 537
653 809 582
965 451 354
76 463 855
925 144 439
978 80 63
233 908 229
581 349 173
873 979 -38
634 697 718
311 595 101
455 654 919
965 206 961
282 474 87
380 870 -67
571 231 968
802 812 197
405 974 298
686 161 834
62 785 889
726 754 513
112 701 948
762 468 745
142 560 730
387 775 740
239 433 248
641 761 328
875 43 -84
648 944 809
571 494 199
819 373 790
159 624 36
214 95 -21
115 90 692
989 825 365
458 675 636
662 989 -1
274 429 718
654 223 784
291 940 252
184 532 971
803 824 522
899 177 586
264 829 527
112 172 655
120 235 931
769 155 476
729 959 914
816 117 480
35 227 172
522 917 664
427 576 318
524 200 400
878 981 945
631 247 648
140 596 827
433 660 214
959 783 660
898 482 901
147 420 25
38 470 303
302 588 959
545 938 704
172 45 189
268 345 732
411 192 802
65 472 406
458 31 618
198 337 650
829 871 419
916 562 -89
654 122 731
714 282 185
771 287 702
138 732 322
26 792 205
697 944 788
266 533 613
965 266 266
993 958 934
601 652 441
783 471 543
981 370 535
494 827 15
786 879 436
342 650 868
990 794 831
907 127 371
939 823 152
351 147 244
644 669 890
350 560 -90
446 688 147
370 62 137
1 566 743
356 50 311
386 292 -16
861 993 535
933 480 779
839 206 354
524 916 540
643 80 291
294 952 473
621 576 983
941 41 878
995 903 598
798 842 866
876 549 851
777 348 14
223 799 477
204 219 471
17 46 123
503 461 459
236 778 822
660 555 744
990 988 -1
428 477 -50
556 216 589
280 409 637
653 273 64
234 876 636
936 303 496
508 835 251
85 485 363
178 662 158
500 50 269
967 760 695
385 171 992
781 123 898
71 96 805
134 668 135
25 407 566
820 626 469
937 32 450
290 747 654
874 10 120
522 389 -66
371 281 873
302 581 132
736 644 93
126 624 451
442 404 -86
686 864 478
966 725 982
679 653 884
20 870 2
374 416 806
374 806 760
901 360 204
484 341 567
517 983 849
303 90 967
646 246 5
723 852 157
840 103 336
550 206 818
728 716 137
869 652 248
20 121 882
229 584 969
412 609 910
292 215 566
97 586 568
395 619 750
146 160 877
285 291 565
870 245 945
963 836 495
596 422 684
738 532 441
564 879 245
946 3 -48
638 3 38
341 157 223
36 208 146
135 255 395
7 290 291
623 300 890
631 415 -18
196 300 300
405 119 472
263 455 97
574 391 798
448 110 786
0 21 2
11 570 828
746 527 583
823 82 313
447 435 582
764 420 80
959 399 743
76 741 498
970 285 491
610 91 322
12 158 752
558 490 621
365 246 251
39 725 -2
73 718 259
786 644 968
780 914 619
112 385 595
510 655 782
812 260 492
298 867 206
281 377 86
389 925 -7
209 704 496
808 373 677
554 793 460
526 236 252
908 16 204
705 290 808
925 573 446
793 95 594
601 218 289
655 220 959
682 571 666
678 361 339
269 135 422
713 767 117
31 36 341
887 349 435
76 916 393
621 406 528
220 491 741
763 17 973
995 673 279
506 172 454
828 507 210
949 725 860
798 790 167
734 942 275
947 826 512
551 849 -35
265 476 168
392 771 -98
226 832 480
156 301 -53
853 762 412
808 589 -80
828 120 618
722 774 372
466 898 367
958 685 831
120 471 -78
556 586 618
320 459 68
423 965 341
444 161 412
797 936 534
100 986 168
42 447 566
80 522 549
797 266 947
102 722 649
637 22 360
830 646 34
610 341 827
86 957 172
561 836 216
441 415 239
77 543 351
998 958 366
276 759 809
236 522 947
725 321 762
917 302 400
549 446 330
618 910 554
383 232 292
872 96 675
358 85 204
905 183 839
765 843 714
222 879 230
555 284 991
406 275 398
745 781 727
559 119 546
946 494 605
527 628 451
488 949 178
373 981 240
384 541 -95
361 348 277
19 395 886
603 811 246
829 360 649
274 185 934
115 316 140
183 764 -38
676 331 959
207 83 -59
14 453 445
965 826 615
280 817 674
628 117 259
8 37 395
128 881 586
907 413 868
615 350 652
406 507 853
776 613 -17
696 567 181
798 167 41
2 497 903
912 805 933
464 963 658
998 860 -79
494 290 340
752 31 63
424 305 920
885 872 675
942 437 -37
789 963 387
779 57 642
578 505 902
314 891 324
341 387 595
683 715 -85
115 296 669
277 309 286
99 173 571
696 692 681
76 295 683
76 202 386
199 825 431
709 45 745
80 526 875
811 512 -98
266 57 368
906 566 380
545 237 38
267 374 875
778 331 442
742 873 345
716 27 81
507 416 566
657 765 318
888 321 68
518 382 40
542 148 424
429 472 899
916 706 854
815 884 -62
778 694 420
328 550 933
495 427 229
678 628 -41
374 61 -51
811 641 836
460 440 131
44 978 -59
184 918 474
180 524 414
860 553 -92
177 4 247
817 78 -20
673 6 472
735 98 85
348 778 728
989 862 161
971 214 338
385 302 237
64 223 -93
440 864 649
805 976 815
733 344 131
126 844 344
726 331 967
641 774 402
214 196 327
705 559 860
489 793 53
930 827 167
778 9 753
170 548 540
150 262 696
190 988 439
360 612 480
16 280 -55
517 734 100
614 120 853
372 614 68
804 27 105
63 654 -17
68 562 43
447 831 910
182 15 77
504 337 810
650 352 561
633 16 924
897 293 544
536 767 481
125 686 683
922 350 263
245 375 472
638 194 792
697 604 890
863 965 224
104 905 704
483 736 727
862 606 913
363 291 193
111 429 297
939 638 -100
192 302 225
891 326 197
348 755 335
324 453 952
666 232 917
105 215 659
412 586 71
137 684 219
492 480 608
978 154 907
867 559 26
167 101 339
641 43 908
868 638 68
398 981 120
177 485 197
486 529 -74
825 858 522
854 807 502
409 239 880
158 444 683
270 773 298
483 108 165
34 279 366
134 148 855
286 492 103
613 404 745
136 346 507
129 119 555
576 571 870
937 511 191
83 289 642
814 397 629
919 898 784
895 859 312
125 995 724
738 153 714
180 900 655
318 770 318
518 819 956
772 616 601
324 120 682
359 376 295
705 943 95
428 885 349
146 819 410
968 445 557
339 938 919
781 31 609
987 302 361
298 247 358
659 123 59
897 101 285
664 25 492
39 226 962
158 755 802
945 527 365
690 832 533
792 325 385
127 164 280
737 735 -94
206 10 954
962 778 751
417 950 753
803 711 355
591 144 796
404 464 841
315 125 980
324 382 57
504 245 932
141 463 510
785 436 595
242 641 709
619 567 820
688 48 904
112 378 706
287 284 128
517 852 406
947 236 -91
594 668 146
781 39 537
558 786 780
652 634 657
425 209 455
627 355 708
36 582 688
766 898 131
141 869 17
42 621 381
888 62 244
50 258 837
330 404 164
288 979 331
19 815 408
528 740 248
948 837 -92
851 128 -6
706 172 101
713 752 649
598 396 980
695 168 259
87 830 -49
247 972 292
687 728 588
226 845 -82
737 386 204
282 360 710
65 736 234
996 964 30
446 243 409
100 728 667
248 297 860
804 549 694
234 360 150
80 302 937
146 340 356
296 400 656
85 933 297
239 490 733
758 95 103
906 898 859
173 168 581
984 960 215
91 913 638
644 969 296
760 274 -19
551 427 103
657 391 861
174 422 -82
801 367 693
794 595 665
225 336 975
653 703 379
387 784 838
988 366 63
784 269 121
797 183 933
663 128 106
856 519 91
312 904 51
453 646 428
445 984 478
409 784 397
586 517 392
181 9 999
960 724 -1
857 10 397
613 777 540
241 712 189
208 781 293
987 2 246
416 299 -68
207 251 502
240 691 271
810 758 909
648 793 422
266 912 900
151 62 482
900 636 753
979 900 977
937 202 683
830 397 733
518 633 567
953 515 628
280 713 42
105 783 70
326 506 564
99 409 51
911 388 262
312 983 529
577 979 266
578 365 775
993 687 419
515 777 -87
432 453 216
51 708 246
893 485 326
720 705 773
812 725 732
401 921 944
843 379 696
380 684 206
415 335 65
34 727 336
716 966 766
91 776 860
430 797 136
865 609 680
683 628 627
915 886 606
965 687 879
662 67 628
249 589 671
756 674 155
336 286 151
664 611 154
301 564 -70
893 805 126
297 817 182
709 903 213
874 806 683
795 700 197
57 45 236
830 318 263
400 942 306
560 679 637
210 364 114
595 519 596
602 11 894
899 343 728
660 424 36
994 30 -36
946 12 519
553 702 -89
882 828 593
7 645 485
438 992 588
500 868 406
341 121 549
793 40 58
792 258 127
623 925 890
467 962 633
279 511 59
459 866 252
822 128 205
61 621 453
513 740 -13
26 295 -100
283 380 432
123 159 -79
359 866 451
169 344 807
248 164 1
784 846 498
788 816 -16
924 556 867
954 532 800
377 580 697
508 443 886
24 725 269
711 963 330
225 533 348
131 456 225
893 93 56
126 143 473
160 609 759
87 399 953
361 938 134
875 87 487
243 146 25
522 125 -3
584 748 406
542 339 389
387 24 69
821 966 118
48 545 484
515 857 537
381 136 664
45 239 610
39 346 769
741 399 90
830 565 312
747 737 138
788 480 523
790 770 477
865 269 518
473 758 -6
596 635 737
163 758 152
833 231 166
344 910 89
451 11 690
257 22 73
317 285 253
850 448 380
216 723 416
419 21 196
507 15 341
458 430 975
623 635 176
252 498 -78
910 17 882
726 714 750
791 299 177
215 680 649
248 135 63
91 443 139
262 833 242
212 255 589
630 528 717
873 168 627
587 38 807
865 734 98
39 504 361
445 948 291
436 724 805
720 831 737
241 687 41
848 416 821
348 436 171
83 217 253
881 385 328
189 276 719
658 576 912
134 441 290
298 377 797
443 43 79
758 225 568
433 361 984
184 291 320
834 458 532
356 640 1000
126 846 23
67 478 35
574 971 970
705 840 431
444 514 61
988 122 680
516 182 -35
709 58 -64
79 775 38
494 529 559
915 349 775
497 276 701
125 88 -10
230 292 750
597 11 460
208 250 313
27 814 218
873 108 552
722 511 159
276 245 419
171 983 -57
5 445 279
350 485 416
907 23 108
185 268 7
