1000 4000
251 684 943
139 249 408
303 347 98
301 140 185
380 565 957
436 7 37
375 179 742
11 445 294
264 342 967
393 101 792
538 371 994
78 338 931
398 894 81
693 459 883
84 653 183
335 530 338
232 974 822
284 564 386
819 838 587
151 436 -66
259 550 -10
704 4 775
552 432 930
21 729 7
0 990 371
647 460 929
147 306 298
543 944 509
474 82 544
42 259 843
867 864 573
146 874 448
522 536 575
587 685 379
522 199 418
458 746 198
591 970 953
590 669 389
467 187 81
288 62 323
123 503 109
220 771 704
318 616 435
163 41 434
337 566 287
370 404 196
847 772 835
804 571 403
528 601 931
813 290 815
99 515 895
869 477 292
299 732 530
609 245 414
499 129 192
345 264 539
913 562 909
680 12 -99
931 964 625
246 79 356
804 309 250
151 30 536
66 729 916
137 892 979
375 64 534
948 595 617
511 102 649
459 238 743
121 223 -4
317 538 262
881 673 578
351 377 520
240 397 148
30 130 251
510 209 -36
659 981 688
760 88 157
741 307 58
237 25 451
4 598 577
375 626 878
631 376 635
946 143 -96
502 356 -48
239 325 707
730 634 712
421 286 653
680 451 309
33 556 912
462 886 35
13 915 890
349 648 263
302 887 487
8 632 -67
597 801 937
439 533 881
191 923 679
636 487 356
654 722 42
894 278 764
581 70 880
29 15 -23
74 469 393
135 391 200
281 471 661
418 721 234
610 332 936
857 330 98
358 956 866
67 41 721
600 335 90
533 804 -11
451 271 76
290 27 52
94 39 214
938 154 432
990 761 78
149 614 337
431 417 -96
886 747 712
146 428 453
389 658 789
943 640 -3
308 631 332
636 70 102
950 481 -63
67 957 754
159 509 337
360 584 241
786 284 699
485 523 687
731 293 638
10 765 638
770 465 -9
694 488 475
722 890 647
747 713 871
983 519 485
502 397 881
788 97 984
164 221 797
774 857 396
111 239 255
88 76 837
753 77 646
371 679 154
778 986 752
330 339 268
845 295 437
757 555 430
466 710 961
822 421 836
663 443 320
989 715 435
629 806 426
583 900 49
218 552 436
403 611 -90
865 76 57
101 709 963
541 818 -2
319 355 628
761 331 197
668 990 65
78 964 321
502 177 175
959 435 427
862 897 -31
483 145 703
658 26 589
93 660 -31
201 603 675
697 530 230
917 625 79
224 421 273
954 108 260
441 57 477
671 292 334
480 72 284
912 986 176
470 438 452
268 414 -11
72 162 360
48 264 72
679 704 886
339 354 833
812 219 213
52 151 977
298 449 889
254 443 73
320 573 858
573 636 656
616 989 536
611 117 938
794 23 596
277 507 45
67 689 308
987 904 989
651 382 159
275 24 518
856 838 597
131 284 64
415 570 192
563 880 392
822 992 869
196 471 783
717 78 797
780 154 724
813 757 997
0 569 280
763 448 301
699 35 763
491 657 199
431 50 187
524 663 460
693 711 832
508 16 458
784 214 163
86 415 291
501 404 80
300 377 -29
611 618 380
535 20 92
872 842 856
73 579 804
118 597 224
31 164 472
577 805 928
852 93 981
929 906 -57
681 174 984
27 875 522
301 284 724
27 711 163
426 558 785
558 931 247
630 125 418
528 886 589
867 799 807
15 663 998
839 70 25
938 470 769
798 312 211
371 369 210
125 736 873
416 566 944
437 184 -63
297 162 -32
129 401 654
738 434 292
149 488 173
189 368 154
612 883 469
19 149 63
768 580 12
53 247 810
393 195 167
383 529 990
738 655 101
273 4 531
513 288 134
68 686 300
97 349 464
209 254 748
461 345 668
307 609 491
479 259 776
424 8 227
757 835 426
290 613 -96
385 60 876
581 31 441
547 652 416
84 999 673
261 536 596
798 247 969
285 418 545
448 599 264
517 406 542
276 19 274
623 353 246
216 441 532
145 543 862
426 37 125
510 996 402
824 935 417
629 744 261
991 436 -69
523 816 328
10 188 712
610 663 870
747 808 814
342 670 888
842 939 -61
692 376 14
678 170 208
580 677 404
387 790 333
869 678 597
173 133 476
422 852 -37
865 772 155
577 10 -66
989 286 728
430 637 705
675 727 248
795 161 858
701 826 76
729 603 4
79 237 -30
228 597 201
279 303 833
44 454 31
78 676 637
929 574 696
819 757 189
728 294 968
576 697 966
927 226 881
506 601 490
363 746 319
38 22 763
17 350 876
549 476 732
465 439 345
940 153 888
662 650 55
94 356 42
144 998 35
220 367 84
956 48 692
830 583 179
458 336 -88
511 41 475
334 17 -12
721 543 834
408 689 -4
241 500 40
58 417 527
535 83 792
261 696 404
146 739 909
955 751 718
550 312 894
691 901 848
578 746 748
553 2 -76
730 484 997
756 721 522
968 358 98
101 799 625
804 339 59
578 603 399
750 928 420
168 127 836
617 824 875
658 265 -96
142 430 -59
768 321 584
823 671 801
509 187 314
309 240 698
455 452 113
38 836 535
897 969 -5
364 304 789
890 776 574
793 352 838
773 475 646
107 311 302
728 966 387
707 296 268
72 597 194
995 48 149
672 229 90
520 75 160
981 783 594
70 442 285
476 70 597
572 886 63
600 761 961
993 186 834
38 499 801
265 711 454
111 119 984
747 519 335
868 500 325
627 940 6
870 354 -37
143 547 779
186 286 -68
33 840 545
306 414 469
11 532 791
897 223 648
826 623 567
34 170 341
136 77 198
798 808 265
229 661 321
711 10 304
699 238 66
490 533 984
212 813 284
587 806 473
63 946 239
982 208 895
347 409 465
645 435 575
471 358 336
820 779 560
923 325 639
334 55 722
196 741 443
632 375 -43
230 729 322
326 580 324
632 766 545
819 79 587
659 846 640
484 409 685
412 721 449
532 760 650
181 593 242
933 824 -45
459 123 791
593 463 818
842 876 135
575 25 452
808 116 781
521 394 -88
408 41 602
649 237 868
372 141 293
279 681 417
314 897 708
896 621 637
107 400 253
355 275 925
533 1 777
526 751 825
858 369 20
953 45 769
763 406 199
400 516 -75
24 871 840
305 441 974
562 699 959
193 13 58
33 173 721
255 284 640
92 116 843
810 823 13
311 687 949
827 714 485
299 407 223
947 48 207
196 0 -7
282 279 807
409 191 105
83 820 682
785 185 207
245 373 842
257 624 312
215 720 881
354 892 173
233 846 814
885 223 221
839 673 315
741 599 632
228 536 960
180 532 839
2 608 441
121 87 862
216 662 275
873 280 828
829 912 883
559 536 347
401 314 922
183 369 134
45 640 896
171 478 561
459 492 193
478 182 687
200 873 353
864 411 28
150 907 917
312 469 177
261 385 580
43 856 538
423 308 590
774 497 765
390 82 973
624 441 -5
801 695 613
625 296 850
924 106 780
22 809 904
290 943 599
12 61 946
273 956 597
475 357 880
117 936 778
117 450 603
573 823 353
282 474 871
761 960 927
550 687 620
677 411 -7
838 51 233
378 479 313
237 131 65
154 617 236
266 941 489
889 474 762
460 238 529
337 83 249
286 483 479
391 646 173
655 294 875
76 904 42
832 280 625
606 338 430
454 549 18
697 886 348
994 696 952
688 650 966
174 13 993
878 489 830
398 998 218
141 304 350
656 272 408
903 552 481
232 729 383
808 515 222
129 168 -66
652 133 679
25 499 547
785 153 981
195 405 260
250 456 719
744 400 27
918 160 684
401 500 781
375 420 306
206 72 441
637 716 979
111 871 27
816 365 539
166 718 137
182 502 135
944 196 838
185 268 545
760 102 974
769 253 189
597 370 869
513 471 -38
145 728 44
994 154 5
692 823 370
709 371 -68
409 712 550
359 506 755
833 133 337
844 801 622
621 53 827
847 611 358
548 685 862
436 862 691
958 779 674
793 519 602
561 12 694
69 430 271
478 75 655
469 596 63
216 976 58
144 779 664
938 216 -68
950 529 708
89 181 636
947 726 755
873 127 535
600 256 943
289 761 -61
810 220 390
645 321 806
819 413 146
44 626 900
478 384 55
875 620 216
116 775 737
612 356 217
73 666 249
309 872 -28
318 825 488
373 352 -18
839 577 956
188 363 399
638 832 760
992 171 501
374 606 428
747 512 839
923 473 603
622 771 174
294 272 449
630 280 871
52 519 298
115 55 267
781 107 989
376 488 694
547 77 202
962 983 163
961 331 294
626 835 194
911 977 166
347 40 875
542 71 485
774 633 161
642 168 694
926 465 514
947 494 714
346 886 787
838 398 149
305 185 705
350 409 -88
317 928 402
387 906 773
683 437 617
198 928 258
998 147 836
578 565 893
374 291 20
144 829 774
978 85 547
954 578 314
175 734 -93
386 781 330
13 281 799
623 285 305
475 482 528
924 94 510
251 682 -5
23 952 859
513 308 978
228 921 816
371 495 160
702 36 710
938 606 264
183 882 384
337 672 127
151 47 462
498 375 253
701 411 907
699 832 747
200 808 425
185 133 5
77 549 442
273 554 912
314 603 -97
341 455 419
784 160 772
458 888 31
863 336 624
154 196 991
802 340 832
295 811 -90
441 278 741
335 509 -30
606 439 995
467 384 662
91 814 330
484 867 926
854 153 929
856 778 905
82 705 455
186 563 -43
360 383 411
950 674 85
709 324 586
842 973 -38
952 19 481
292 742 83
404 36 -87
891 598 991
884 955 206
372 749 20
309 4 32
13 279 36
214 438 778
71 263 715
404 93 317
973 136 -56
822 243 125
348 25 158
122 190 637
328 915 982
678 139 911
714 28 535
589 395 601
833 723 292
48 392 801
437 587 20
871 467 611
307 745 595
268 909 988
917 12 708
456 715 257
740 246 337
87 362 -32
892 234 533
425 132 700
93 669 -34
840 491 957
974 889 457
552 313 529
487 508 69
396 600 840
177 267 502
881 376 75
955 480 413
895 427 535
787 998 388
934 896 194
699 592 427
333 411 61
244 120 864
728 761 853
343 837 958
317 753 583
37 156 129
215 961 488
570 15 663
901 696 -59
713 99 121
307 784 500
112 976 -30
762 103 605
801 469 529
492 210 622
339 74 295
516 80 -77
31 73 20
215 836 727
101 202 337
270 26 400
831 260 316
193 382 65
888 465 502
839 374 283
632 914 71
70 170 229
289 301 493
257 859 263
903 307 444
989 25 650
135 937 587
667 101 118
808 156 233
4 422 481
399 319 288
200 954 602
731 598 549
41 612 88
138 242 600
17 567 43
568 354 634
195 634 176
954 779 262
556 800 527
890 446 220
238 944 -33
895 973 685
772 516 388
373 879 602
791 149 701
369 593 213
409 174 79
835 186 919
837 202 -52
677 585 -93
366 157 86
148 375 962
701 213 57
511 157 550
635 479 585
206 744 504
577 279 472
729 341 153
728 600 2
428 369 839
913 40 123
336 18 67
998 540 43
466 381 240
632 981 110
320 801 -19
620 581 6
280 608 20
138 148 456
9 166 -86
966 148 749
762 433 893
723 965 902
879 223 95
494 221 328
555 846 -79
202 259 666
655 577 698
29 593 592
811 407 -22
931 580 977
35 555 537
507 691 617
781 73 811
409 912 103
199 797 699
560 57 306
221 959 443
402 585 543
756 700 820
229 298 952
908 814 463
643 265 855
18 306 -59
698 846 909
684 570 76
364 701 598
181 874 -8
931 952 232
480 914 86
718 135 928
940 591 736
523 40 562
336 684 378
779 883 699
976 206 15
736 195 69
533 534 879
198 764 768
274 869 790
534 966 481
487 744 831
52 730 -45
453 668 929
322 558 432
851 777 250
883 611 885
434 493 930
692 783 607
141 895 474
968 653 826
426 858 459
413 38 769
892 223 897
810 926 108
727 555 270
998 157 699
861 781 979
453 724 423
257 426 445
595 25 769
837 574 910
897 635 244
642 692 343
208 52 87
350 291 365
860 209 115
188 533 652
115 812 804
869 125 821
138 461 649
662 311 409
931 975 635
375 552 561
339 632 148
58 883 184
264 726 659
599 777 -26
942 59 -41
218 523 791
941 384 340
91 619 132
552 498 552
545 703 302
246 700 236
590 311 735
729 268 755
731 276 932
304 95 24
516 800 496
214 805 466
417 809 236
921 71 138
781 424 812
548 884 831
230 411 -11
389 968 513
562 680 9
363 625 -31
993 599 667
84 449 883
608 301 700
976 511 151
450 695 433
964 386 946
405 739 -53
876 376 623
444 939 419
540 570 555
374 593 274
142 593 409
374 967 210
315 803 416
887 567 185
302 323 89
210 420 131
452 380 664
805 272 -41
525 840 560
919 242 179
994 529 927
826 183 126
820 109 975
308 102 -35
397 195 849
407 391 197
206 564 142
856 999 162
561 702 727
905 958 387
667 755 531
370 198 -1
513 847 35
497 743 71
326 254 595
197 468 541
705 557 848
544 347 634
753 16 51
201 703 670
903 161 900
495 659 822
366 775 959
242 811 999
184 920 790
833 244 346
184 280 701
39 223 852
25 942 756
624 322 406
791 431 496
730 272 158
36 855 654
81 472 -82
389 796 662
369 468 943
975 520 -85
487 334 810
72 831 109
246 954 34
478 807 3
833 659 555
814 604 175
474 724 815
805 682 329
107 517 -12
957 463 624
387 288 849
36 169 776
881 532 91
335 800 535
391 138 944
75 67 189
689 733 7
68 379 64
13 448 727
945 16 786
940 694 7
408 566 322
232 161 765
424 867 -24
903 491 42
681 507 -62
420 126 401
708 936 309
116 630 969
660 756 792
77 647 156
197 90 749
948 220 907
765 415 99
537 450 943
59 211 604
387 455 177
218 172 337
164 783 952
532 124 -76
538 87 326
136 331 949
531 308 558
169 188 431
508 594 232
918 733 683
319 280 683
907 95 817
77 271 200
587 493 541
617 142 793
817 112 386
659 80 600
621 781 17
127 450 -12
634 864 335
629 833 550
750 170 167
471 323 -67
608 858 273
855 340 662
453 1 591
58 740 525
87 972 177
573 614 412
310 844 154
715 590 539
624 123 365
783 539 461
579 583 819
491 878 239
508 445 396
196 184 255
481 663 671
245 806 72
104 319 886
522 450 599
350 91 868
879 255 0
141 79 257
278 171 610
913 381 780
234 527 529
698 20 177
592 573 181
324 602 929
705 644 210
256 489 767
6 8 428
777 951 482
131 390 996
774 129 104
37 255 343
431 257 285
410 618 119
183 542 777
668 569 960
159 878 285
980 261 781
462 702 545
957 871 235
38 463 -9
793 733 883
375 926 502
796 648 98
635 793 649
78 692 995
839 660 359
883 645 558
607 671 417
829 486 -40
330 334 690
46 968 512
224 342 342
589 306 365
56 391 82
754 405 489
600 394 -28
472 86 600
324 440 460
283 481 208
787 268 229
758 119 898
980 393 808
610 648 844
832 486 383
315 554 701
273 147 457
445 452 305
353 889 822
589 861 760
637 378 250
355 543 527
104 913 238
828 515 519
487 512 771
531 703 737
651 164 979
750 682 848
745 822 838
896 848 105
437 811 -54
427 555 602
909 509 501
448 151 593
190 847 468
678 354 693
527 952 849
563 716 161
83 922 61
195 868 378
275 288 818
253 774 887
31 845 17
965 22 790
567 544 951
505 203 607
285 440 750
820 529 524
202 524 531
493 925 119
388 465 797
691 635 701
191 991 380
814 197 -85
675 351 146
943 314 821
478 706 397
88 779 542
194 100 572
237 136 290
304 498 120
440 987 17
689 292 -1
877 45 879
411 901 189
315 812 743
242 169 893
841 987 431
905 460 68
607 114 853
880 569 218
709 914 435
648 325 811
201 876 597
8 841 527
614 104 -30
772 890 342
199 155 262
844 58 990
704 753 415
375 630 -51
656 678 -56
388 453 -88
205 469 435
449 412 973
916 46 678
543 888 939
654 277 454
410 295 538
296 49 407
929 980 118
658 179 245
374 161 318
455 166 456
812 502 -97
752 9 727
93 633 558
771 545 787
712 656 597
421 539 805
284 758 691
116 417 343
139 624 239
808 132 -7
110 527 -32
596 2 410
380 631 -10
825 622 721
416 278 67
355 232 284
976 254 685
377 29 784
469 891 774
896 498 473
213 713 -4
565 529 147
920 937 627
786 375 914
846 829 381
73 67 526
911 744 337
595 224 718
149 856 335
467 681 356
280 510 495
176 152 790
629 197 263
989 136 759
305 697 986
536 390 189
831 429 962
191 666 742
970 703 373
378 959 112
386 578 -24
782 108 774
321 852 730
453 280 309
425 988 45
589 518 727
488 400 643
444 348 173
974 829 -57
251 223 -48
969 146 724
651 462 872
395 381 22
992 930 594
956 25 479
374 836 -93
504 247 996
913 647 831
385 748 739
83 912 979
474 546 582
380 404 -26
949 227 954
716 470 760
409 449 -64
447 665 813
273 407 208
331 265 301
349 225 806
987 531 397
365 519 303
56 733 330
954 989 27
652 964 182
479 73 -86
234 913 458
684 457 237
506 724 724
339 624 485
356 951 612
399 134 718
665 792 331
683 338 108
874 245 -88
18 309 -44
227 979 458
188 196 972
410 604 21
534 229 90
497 104 510
830 661 574
765 242 268
223 482 312
630 430 788
401 100 -54
194 938 40
515 851 863
685 7 299
385 442 971
859 157 775
344 173 729
800 345 562
805 304 403
813 687 30
338 315 28
455 882 399
24 716 783
196 712 236
868 477 -4
574 470 689
169 68 327
757 528 187
380 95 428
929 395 35
505 428 294
111 657 960
796 149 201
531 344 234
980 84 67
992 926 328
763 874 661
297 111 617
869 826 911
770 146 770
188 674 979
402 310 984
604 30 251
509 706 36
567 550 110
799 166 785
528 32 714
942 345 456
67 990 379
877 576 59
866 73 645
936 151 849
922 532 556
357 209 195
664 867 605
513 185 357
673 862 896
556 4 194
285 13 370
106 941 170
951 494 154
624 402 296
423 960 105
776 133 606
563 306 -86
144 315 635
238 72 78
457 195 970
86 419 186
632 739 948
908 196 808
99 500 774
648 552 188
793 217 811
60 350 0
394 775 -38
782 509 446
790 658 251
18 560 95
536 858 156
552 893 617
170 401 728
254 897 993
90 202 867
672 186 102
270 412 -95
843 752 197
470 757 623
485 19 579
224 265 138
599 885 988
384 8 589
306 822 557
799 469 492
578 204 378
481 230 619
252 741 47
616 29 682
653 863 945
355 607 539
739 986 129
735 485 743
746 486 421
262 162 961
990 961 -43
201 791 874
677 151 221
253 218 963
970 408 980
49 754 517
722 635 540
693 47 302
446 227 -88
340 81 300
337 499 749
859 977 406
858 778 456
240 670 833
721 804 -100
4 975 56
910 57 138
977 792 1
992 259 92
46 558 98
649 39 347
663 317 847
721 273 429
788 216 670
878 806 320
942 647 783
509 289 570
297 155 28
555 224 587
736 481 532
219 394 -81
151 591 123
855 835 564
477 893 951
48 902 -89
527 359 148
813 61 972
532 226 362
695 852 189
655 252 664
752 434 718
259 80 299
791 450 857
778 202 420
578 632 -79
148 796 893
77 502 766
816 669 785
483 904 230
392 215 58
494 25 733
140 406 407
46 192 752
461 500 762
339 91 697
47 284 178
14 648 653
850 95 793
418 6 101
393 390 111
191 357 674
267 963 674
861 76 324
10 128 733
752 109 -2
188 582 138
363 694 515
520 605 41
961 367 474
668 472 712
541 154 254
760 851 726
357 681 41
245 967 -47
315 422 -5
20 63 134
860 63 352
619 497 584
462 49 331
391 963 983
137 143 546
550 392 149
303 90 514
943 38 479
32 750 360
756 145 647
401 123 425
232 3 669
321 490 895
841 406 745
482 566 131
298 874 -96
667 437 -56
66 368 333
865 715 994
341 687 33
610 602 629
578 689 77
538 100 831
193 271 622
88 63 138
45 334 330
458 79 940
778 404 800
651 979 629
378 639 599
891 966 28
555 427 202
707 183 99
249 673 963
475 265 857
249 269 220
251 974 789
616 11 74
899 195 90
260 907 63
352 980 -88
991 671 228
465 141 453
68 830 392
676 61 893
514 347 203
265 966 965
263 986 696
999 244 652
584 569 853
394 797 245
750 262 328
109 947 505
772 573 252
588 553 524
675 416 795
862 287 154
90 975 695
68 829 561
888 121 -36
970 795 119
958 833 895
869 953 -96
963 233 681
121 754 617
893 357 215
494 715 481
4 131 357
106 863 546
691 83 183
323 603 577
64 832 163
692 980 749
241 177 723
448 571 -59
500 946 625
847 812 609
882 91 627
397 289 785
606 438 -14
727 851 191
996 360 750
537 406 86
419 151 431
524 145 852
305 248 951
908 81 406
751 669 10
132 32 -41
897 470 929
567 940 236
201 661 -19
203 562 359
484 794 490
472 181 190
691 370 336
518 324 750
342 579 689
463 543 790
72 139 549
233 27 -33
927 940 224
914 906 -3
439 686 -26
643 467 602
860 618 98
117 810 -77
58 54 384
479 546 797
874 758 164
466 656 210
444 418 566
290 889 746
943 900 931
18 742 88
225 298 885
974 616 548
568 778 572
711 797 -73
469 535 459
249 444 210
376 365 729
663 523 978
995 772 544
284 416 423
219 207 339
534 864 579
752 997 215
573 537 910
490 115 261
12 413 867
422 259 789
222 448 -16
127 11 -57
245 266 118
389 438 336
663 15 860
865 981 881
732 660 -13
978 563 -17
388 577 861
886 643 455
706 97 54
64 992 273
97 796 442
844 186 394
970 706 820
913 582 554
951 877 -52
652 92 746
146 874 -57
419 958 487
521 338 220
13 745 534
60 882 295
681 328 135
220 856 720
352 208 214
543 674 305
247 833 737
879 621 765
321 27 37
465 273 -11
512 526 -42
802 13 842
601 256 683
916 931 216
46 823 740
195 66 55
683 500 875
653 675 198
695 278 -80
135 799 327
865 356 220
366 977 895
470 921 463
133 857 341
55 803 822
616 292 187
902 607 733
564 923 495
37 232 759
205 30 -15
562 673 874
258 10 781
912 653 451
263 187 995
389 314 546
337 887 180
871 858 161
393 964 863
234 499 873
536 505 712
306 244 646
610 611 680
986 531 484
205 238 144
254 152 157
468 26 228
474 915 375
149 496 -81
904 414 -36
566 278 474
694 178 -66
236 307 310
535 848 899
622 414 582
464 650 476
250 679 471
854 371 532
85 229 59
949 37 460
776 451 375
845 193 -28
5 47 805
826 429 -66
349 160 487
9 709 166
524 875 141
565 762 848
751 348 693
725 812 343
645 529 595
813 283 -54
971 141 540
462 960 478
857 587 -33
376 285 197
997 408 585
283 556 402
964 855 -30
319 454 995
215 659 410
250 315 86
369 824 -99
817 132 351
473 872 965
797 110 -82
263 731 838
636 933 69
813 126 405
903 527 968
566 800 850
364 711 905
540 538 983
819 249 832
502 490 719
264 480 355
506 416 925
957 274 171
592 504 201
86 381 499
632 124 447
875 628 656
873 516 12
58 264 991
599 844 -97
225 897 262
870 462 953
867 887 349
141 815 279
309 113 986
39 427 890
560 79 780
657 914 768
607 57 654
341 666 174
778 678 80
910 133 642
418 97 -22
463 408 774
590 593 778
838 396 515
457 428 939
437 68 616
417 85 811
914 971 42
235 895 484
529 593 84
86 992 386
449 138 943
537 623 332
112 168 800
285 476 93
65 893 500
928 161 306
343 363 746
89 397 516
21 586 954
375 561 285
579 732 -16
413 324 754
459 207 -38
951 767 392
732 299 422
619 146 378
842 319 692
193 326 239
723 342 250
352 838 279
628 263 338
98 515 504
175 385 352
688 75 932
518 689 456
879 354 478
755 486 11
347 356 766
393 199 -19
539 209 437
948 287 588
604 188 252
551 639 526
295 960 181
576 714 -100
901 429 338
645 854 246
355 772 -6
154 207 650
596 554 493
938 856 163
352 91 26
353 116 360
250 728 -22
808 398 -5
617 669 233
192 420 -66
550 199 662
845 545 704
669 926 524
240 250 718
466 30 760
677 351 747
247 701 237
916 993 604
136 342 738
379 833 960
859 29 893
757 575 412
272 217 883
26 932 686
804 483 766
707 967 415
62 3 428
574 374 142
780 6 542
402 139 648
258 803 278
419 180 -24
799 228 -14
861 454 544
815 357 271
463 899 937
692 254 433
814 738 459
112 613 888
274 451 137
817 794 25
428 326 67
967 918 103
160 211 746
884 187 137
2 804 164
108 699 884
432 724 37
44 565 -25
963 991 731
29 307 228
793 453 3
141 169 967
701 407 656
719 119 883
663 939 522
448 25 66
627 335 830
25 115 175
559 471 787
462 118 607
767 559 718
426 55 343
981 589 503
287 280 86
337 418 276
40 240 602
244 302 805
361 835 253
648 83 266
396 567 246
350 323 -83
372 500 406
162 289 828
669 730 262
216 504 472
459 709 338
491 858 981
540 227 740
868 266 502
205 738 253
451 544 367
782 965 510
990 665 408
726 876 891
37 840 964
793 434 295
550 218 562
747 680 56
743 492 504
566 193 314
994 432 -8
212 783 32
711 229 -14
46 939 411
557 158 107
97 882 336
501 749 -30
154 707 502
281 853 171
145 276 577
166 767 414
952 384 924
938 292 193
576 535 664
123 129 525
577 442 77
86 21 642
736 185 336
453 328 588
603 192 376
203 45 909
147 540 815
780 634 69
680 231 698
260 860 537
637 838 924
677 636 528
435 619 906
78 566 84
138 168 810
93 752 870
421 543 155
712 104 978
970 303 440
986 913 517
893 46 788
108 912 392
591 53 -78
387 654 368
806 140 236
322 712 34
365 507 462
168 594 963
597 806 375
499 553 664
787 331 981
892 594 937
415 841 247
488 772 401
90 164 -19
99 657 262
948 863 32
543 838 468
160 252 316
797 972 979
776 446 401
596 364 715
397 623 259
105 996 258
838 819 227
505 448 50
769 232 965
183 971 523
14 872 766
70 964 724
693 348 208
567 584 175
362 726 590
864 566 70
379 931 882
859 295 894
969 954 490
169 793 478
223 979 -76
940 179 658
301 623 471
948 451 481
574 201 970
297 676 107
208 62 418
270 306 518
37 636 456
128 838 383
412 243 704
561 102 373
577 486 160
440 623 554
369 97 80
825 242 314
882 997 66
696 182 471
726 325 249
490 957 736
488 898 413
123 572 350
999 526 991
809 32 848
947 685 394
984 681 899
858 216 342
499 277 611
789 290 638
88 535 396
180 7 204
64 791 -62
369 61 526
689 573 -30
985 217 843
205 825 923
329 949 939
477 942 693
923 436 300
831 332 285
602 467 462
583 452 183
139 731 722
64 451 951
218 509 622
634 488 917
311 161 591
586 289 450
222 93 501
146 460 723
26 959 180
612 261 587
52 191 954
737 964 166
428 300 911
91 912 542
110 551 215
678 222 392
355 550 543
369 970 246
548 979 412
704 836 600
157 276 75
399 889 355
990 428 336
18 739 614
200 514 46
74 887 841
640 419 963
421 232 202
680 845 990
577 77 833
615 973 557
354 859 721
86 165 705
775 48 920
165 76 855
886 829 801
375 921 442
39 84 678
157 370 190
651 280 674
85 918 819
0 990 237
645 703 41
44 206 588
425 810 -79
633 98 914
193 915 569
858 425 763
126 498 696
356 260 811
974 64 721
85 36 881
386 532 826
592 482 692
505 732 58
792 465 -63
745 954 949
439 208 824
778 19 203
652 102 402
222 432 471
331 572 993
653 153 159
554 26 797
258 737 -59
195 82 4
280 436 749
21 386 966
984 290 777
4 30 839
79 876 592
21 190 521
785 697 846
68 432 715
217 204 753
526 810 16
356 823 750
449 28 837
257 24 383
362 515 248
238 390 696
885 388 960
962 661 804
991 945 745
164 665 749
570 719 634
27 435 627
791 888 282
144 158 298
945 3 813
405 918 146
555 934 597
714 449 234
91 920 936
495 357 551
152 538 334
355 668 430
814 329 956
795 656 203
366 684 660
20 970 140
324 143 802
311 861 916
413 714 585
343 576 992
220 777 445
596 795 877
663 548 277
520 429 94
383 8 20
986 766 803
663 131 545
118 423 843
443 242 631
732 71 821
576 788 323
218 522 163
693 654 599
64 557 688
184 596 551
164 687 903
473 670 513
109 846 931
368 69 461
674 162 214
881 875 579
986 303 253
274 614 -100
771 447 663
629 123 281
475 243 763
947 957 27
811 0 850
858 335 164
749 713 122
325 52 -29
52 998 466
718 348 536
295 139 633
282 780 121
489 878 305
203 829 -16
509 71 254
505 991 485
434 607 899
732 79 810
695 588 138
628 137 774
546 700 -12
853 698 399
986 770 910
260 348 636
239 29 871
409 50 -83
374 76 30
853 532 556
536 547 949
164 713 904
68 432 825
387 730 874
878 175 538
689 468 803
926 509 755
348 724 695
737 931 745
138 156 848
716 484 390
968 547 547
807 177 304
743 116 142
0 775 947
525 338 337
27 976 412
94 2 592
352 324 427
523 772 158
379 273 534
654 275 42
488 941 821
409 659 432
402 893 552
241 198 725
862 992 592
674 578 178
192 206 232
805 418 218
541 241 230
181 825 733
454 161 391
204 53 334
303 273 -93
281 481 714
920 744 825
136 436 995
283 664 861
727 98 629
853 1 573
945 233 657
134 576 994
15 368 40
292 384 785
376 260 771
52 989 873
840 409 851
631 452 577
271 683 193
431 796 241
62 622 399
64 423 272
843 916 472
744 347 82
72 951 332
619 364 738
481 354 489
873 585 612
813 351 576
291 698 829
942 215 706
895 42 852
831 138 377
495 605 246
780 952 -27
429 480 421
879 367 168
527 722 329
831 370 253
729 574 164
516 229 21
139 243 530
982 388 -65
372 42 300
742 59 705
980 111 51
957 747 524
241 304 508
508 540 246
270 897 779
28 170 514
519 509 94
700 895 617
107 663 149
611 103 407
383 368 67
539 477 551
272 755 910
51 453 312
98 976 39
199 29 112
132 687 -68
933 986 96
747 911 117
182 558 -63
859 281 740
474 969 924
349 408 125
881 946 576
319 899 248
643 48 914
430 453 409
121 928 171
593 850 -12
49 370 718
727 427 655
724 946 788
592 503 580
708 491 586
22 282 296
356 481 884
386 232 467
766 77 2
816 203 121
177 348 795
567 905 614
711 264 756
446 97 918
586 212 319
312 352 858
248 818 -28
158 558 676
67 478 117
802 935 898
560 915 857
708 203 281
680 736 614
868 612 200
583 339 252
285 662 924
160 231 884
662 415 182
511 131 -36
6 633 556
236 270 383
363 757 122
944 136 385
659 343 700
988 808 985
984 63 -60
127 876 776
303 440 863
340 944 788
277 287 178
6 434 795
565 548 676
437 284 303
772 920 510
323 328 486
786 536 -27
224 559 6
312 145 931
12 680 781
914 670 368
686 790 153
957 958 95
331 337 324
198 27 383
30 929 891
918 886 120
812 565 959
117 293 -90
917 740 58
824 637 112
199 752 402
427 294 618
394 883 668
541 935 588
758 294 206
456 149 514
416 806 56
393 587 658
126 833 463
61 609 164
688 571 595
740 360 49
413 234 567
753 939 595
839 840 139
567 691 648
498 123 -25
503 278 599
215 734 950
504 405 -85
625 138 120
279 722 992
656 634 688
960 586 -24
273 235 672
952 972 905
681 777 -12
961 718 -78
984 343 138
867 562 178
518 850 772
992 615 917
216 418 -35
337 109 944
889 243 614
212 842 4
172 325 476
688 400 670
459 807 481
899 391 585
83 33 301
880 619 695
374 760 382
780 689 717
362 744 28
819 856 129
361 435 638
397 470 813
395 740 826
358 910 364
583 205 -53
292 844 361
25 455 261
704 415 131
832 88 583
664 161 207
506 39 802
673 821 405
978 241 276
62 217 506
17 664 147
856 260 214
697 52 99
10 846 -44
909 907 317
746 197 406
139 311 -64
436 560 216
453 858 37
123 593 100
103 509 376
401 601 -26
929 8 672
444 525 170
162 958 557
627 193 968
461 890 505
4 156 491
747 139 519
148 122 -12
489 250 -93
657 40 987
605 721 858
961 941 13
241 980 167
516 175 -33
889 501 239
805 575 537
67 65 126
853 871 91
496 222 728
926 869 357
214 168 357
148 388 417
442 343 269
250 123 570
899 972 85
802 177 682
683 771 500
41 549 449
469 363 -46
489 519 716
565 946 526
822 677 -82
589 807 -34
34 782 118
161 654 447
660 721 190
242 365 591
914 543 372
433 606 505
962 956 631
125 425 662
793 740 780
319 914 120
527 30 571
685 499 973
890 771 811
855 661 2
365 169 164
38 368 813
389 355 921
321 21 299
723 512 711
100 934 426
7 540 663
437 733 -56
225 387 904
54 847 448
777 244 427
355 620 378
354 458 373
649 558 81
278 786 530
359 699 165
399 312 354
226 631 284
111 963 125
256 819 344
646 315 975
836 27 230
811 623 227
124 59 725
518 971 437
230 246 550
3 596 292
196 458 519
385 175 538
670 746 386
330 837 144
716 659 467
353 419 231
700 708 52
530 792 374
786 690 96
649 544 390
231 880 604
982 698 46
281 466 188
409 453 249
188 559 618
283 618 86
777 832 99
512 611 509
752 73 840
212 757 101
11 84 494
491 556 303
974 678 378
113 485 238
344 334 551
477 865 267
139 788 574
178 252 11
112 432 923
214 196 -12
654 588 629
834 415 227
367 169 317
183 699 472
20 834 654
526 87 437
153 853 -4
795 273 952
740 352 228
689 48 17
994 482 963
350 800 218
533 551 321
375 811 -1
370 662 360
35 269 862
614 582 889
677 444 252
484 838 301
792 49 786
920 594 707
350 78 -68
736 693 673
571 950 587
243 57 513
188 714 283
957 992 868
824 548 995
386 449 506
960 168 395
123 447 877
962 552 766
313 805 119
192 162 585
721 805 557
545 335 558
0 321 995
856 651 396
492 275 653
306 134 771
124 407 582
278 916 479
801 233 226
376 601 552
454 306 462
229 18 322
936 215 46
814 941 421
789 675 988
998 461 516
714 316 559
713 758 222
891 768 795
541 464 575
341 798 179
820 458 848
899 522 605
106 544 354
0 590 908
811 546 800
832 136 955
603 25 510
363 57 623
805 652 797
518 332 847
987 847 205
937 988 857
887 499 336
874 940 182
367 968 278
132 656 842
776 791 -12
679 300 638
890 395 611
607 193 634
146 41 746
168 60 771
770 365 -76
196 774 389
585 444 -21
807 321 654
238 165 64
81 597 968
936 963 678
423 758 797
543 92 792
900 305 478
498 86 -30
369 804 202
767 97 933
181 954 753
353 341 319
654 53 559
465 255 647
215 598 937
83 674 439
892 476 557
89 810 999
216 23 711
902 258 818
731 226 987
719 332 996
572 663 597
554 663 369
714 91 446
210 610 229
668 247 876
977 416 361
558 588 357
491 193 209
267 38 300
860 898 288
785 300 21
51 509 866
288 26 254
320 212 526
81 409 738
278 173 924
753 651 588
572 841 106
114 64 525
569 728 866
104 831 111
703 260 737
952 779 448
793 393 69
50 275 597
47 593 -14
737 930 989
105 130 612
896 337 628
858 663 926
805 344 406
994 521 670
345 216 59
117 2 722
199 345 891
301 907 666
0 482 485
608 310 402
788 681 554
286 180 333
854 218 932
527 854 334
73 222 698
491 158 456
684 896 82
512 912 434
474 384 210
516 754 568
159 958 114
228 914 357
841 831 243
540 334 698
347 247 251
738 333 -63
413 350 937
518 607 907
143 593 219
58 307 -50
946 59 427
211 852 99
937 529 420
29 756 -37
625 580 504
958 412 120
624 23 623
768 352 647
335 0 -16
933 56 647
971 808 83
404 279 266
951 831 486
933 983 72
422 268 -7
255 610 924
914 324 132
615 490 800
776 901 760
189 665 -29
499 855 188
325 670 464
93 362 995
152 833 274
85 613 632
449 877 65
585 426 576
141 423 960
913 999 898
137 687 576
837 448 158
42 498 267
324 826 299
162 983 750
222 804 93
270 729 925
684 136 352
387 978 -14
274 707 49
258 408 621
661 18 271
547 926 569
632 329 -26
146 913 273
607 253 97
982 115 273
406 396 591
961 237 885
674 381 278
476 174 199
808 697 -43
364 733 709
806 985 60
463 223 692
101 771 -90
675 910 4
466 530 356
389 779 -35
69 526 856
944 14 749
707 522 335
625 317 287
199 710 -100
329 362 801
151 51 645
743 12 435
107 951 326
805 786 -55
313 636 56
56 550 524
846 278 958
567 653 -76
272 878 571
991 187 522
215 497 414
659 204 179
557 357 63
217 972 394
550 738 41
754 450 32
761 72 76
53 682 -90
53 879 274
960 580 835
174 777 970
597 149 383
962 859 265
34 287 979
20 381 201
894 538 339
683 891 452
317 4 768
375 919 462
24 714 15
185 215 91
809 903 646
652 466 129
639 925 -46
397 758 380
775 958 300
678 360 129
900 255 172
812 691 191
581 652 760
681 866 590
188 561 686
478 302 619
771 800 633
855 871 708
919 223 309
896 439 710
229 612 143
507 649 660
885 294 450
399 933 535
355 494 842
339 370 408
618 632 934
351 326 916
986 23 713
465 588 512
597 380 475
414 63 262
146 765 -67
762 24 278
532 414 877
798 509 0
970 26 365
737 245 369
812 169 887
702 820 492
227 36 961
88 247 943
773 386 364
728 478 -52
476 861 647
242 650 987
563 257 257
572 496 852
341 629 789
727 626 711
554 67 471
112 467 477
335 37 233
863 469 574
563 570 482
463 711 939
108 448 388
646 338 944
897 802 761
485 807 675
681 263 394
243 556 628
32 274 659
766 315 137
776 33 923
709 690 993
810 416 23
367 748 118
776 268 423
932 131 919
913 797 -21
228 829 75
703 714 996
34 537 583
687 285 746
674 2 593
810 919 121
140 296 438
384 496 141
430 420 171
852 757 376
245 736 -58
65 943 310
874 976 271
82 447 803
978 486 772
555 677 339
542 433 395
569 791 105
506 386 72
584 774 203
576 551 -50
295 839 894
686 244 -47
440 582 771
327 513 358
475 343 -70
841 568 213
436 378 701
969 175 596
328 872 729
645 108 439
440 502 935
156 713 62
685 503 357
406 363 534
571 637 -7
721 81 513
595 566 166
377 984 712
897 478 781
579 237 395
92 322 266
296 547 515
272 902 729
657 959 775
388 752 567
525 396 29
75 201 183
122 912 350
666 993 820
272 865 743
914 377 417
677 268 351
252 541 539
201 584 775
890 425 0
906 440 613
946 71 741
696 393 418
850 658 674
920 370 919
754 28 183
189 708 958
701 829 44
251 148 -78
432 193 514
236 332 557
84 778 891
258 877 925
149 16 888
446 465 267
577 861 512
350 404 125
662 657 552
511 652 -54
780 356 -18
874 766 629
322 25 142
795 64 749
168 938 617
806 370 502
477 244 67
592 720 781
302 278 734
519 667 21
140 681 632
138 697 470
300 507 868
261 228 274
335 379 -35
22 919 271
446 317 189
780 182 523
368 948 -36
803 119 736
703 675 13
503 476 793
15 748 395
254 651 442
38 989 109
69 64 -97
307 392 432
114 640 771
955 979 613
243 38 135
400 382 558
680 313 955
903 472 718
881 99 538
376 904 164
591 374 433
591 131 259
471 795 912
41 826 43
221 46 350
203 866 418
154 169 471
960 25 84
222 812 516
66 6 273
654 993 798
722 680 241
277 680 755
35 592 618
981 979 156
377 696 327
162 121 215
241 282 435
785 746 124
411 833 216
657 511 704
951 381 30
289 889 140
541 602 860
948 570 -27
309 726 713
816 384 773
687 490 65
969 629 64
880 305 768
335 960 259
323 284 864
744 303 389
377 571 104
721 652 980
444 576 895
856 894 993
713 197 816
76 505 548
68 983 705
829 823 233
953 604 662
733 963 989
939 267 20
607 992 699
906 65 814
168 179 454
272 777 915
211 878 633
690 51 616
37 539 742
345 15 482
766 715 648
839 360 286
530 591 908
983 226 -57
280 966 956
148 432 43
72 792 867
369 878 573
176 610 816
756 358 755
723 747 843
107 44 277
577 136 7
907 157 545
241 264 5
793 32 397
563 68 -47
418 725 607
320 674 461
947 241 367
727 913 922
16 348 312
174 399 963
618 261 852
995 674 999
287 483 455
156 708 -75
315 98 544
598 372 349
112 901 2
780 549 71
999 478 401
946 994 290
775 325 790
102 690 164
471 917 -3
325 589 324
602 634 647
34 692 113
953 499 501
868 4 811
516 402 161
322 726 281
667 428 759
831 463 705
975 22 -91
421 282 311
391 454 748
751 989 77
627 965 362
519 880 349
421 603 897
497 757 808
892 619 234
965 824 570
696 639 747
98 980 420
241 858 985
850 470 20
84 556 684
415 737 341
204 732 64
699 460 46
922 288 503
912 201 563
358 433 766
262 5 623
493 25 299
938 973 133
908 318 718
458 11 281
331 88 622
361 606 377
63 641 249
228 253 498
197 198 939
173 129 681
200 761 946
487 62 380
249 802 350
866 93 524
481 266 664
424 416 349
128 566 -2
950 510 789
256 254 969
871 133 856
673 757 16
497 966 323
532 839 419
753 664 310
832 616 496
858 593 -40
423 345 409
866 272 116
373 189 381
917 413 502
11 77 -54
351 558 262
29 79 393
772 954 407
882 958 -4
777 846 906
442 883 30
998 91 772
265 992 354
965 159 870
465 26 716
185 286 123
604 268 337
775 938 591
986 357 269
708 924 748
937 863 301
978 508 817
616 672 -95
404 121 877
251 116 633
270 485 830
340 625 170
386 295 89
90 943 -20
418 982 84
384 399 -15
860 947 278
329 211 308
859 267 733
276 985 307
87 939 848
257 477 889
178 467 341
531 855 269
789 421 713
786 568 332
137 637 690
843 177 306
350 911 511
67 481 -72
839 43 -20
706 690 846
965 507 455
972 820 -5
577 586 122
820 604 723
949 650 656
799 918 285
688 761 583
35 843 -70
808 961 550
891 665 569
347 483 826
588 275 -97
889 617 26
241 902 773
6 868 369
984 320 101
472 855 216
834 505 26
258 770 365
632 874 849
75 123 987
921 142 867
560 980 135
421 696 508
209 298 159
872 135 255
916 427 902
367 363 263
450 558 634
355 700 769
659 798 973
400 0 564
565 366 892
702 839 41
755 303 -13
75 503 920
661 17 653
160 74 31
278 641 79
916 673 306
593 644 -24
84 735 308
633 662 518
975 640 253
626 596 561
3 4 882
380 614 326
489 460 194
321 347 374
869 267 296
612 804 67
364 107 994
402 377 319
934 185 179
644 165 976
522 67 152
931 132 959
331 91 546
910 810 496
602 402 665
770 506 680
578 464 1
309 320 -16
817 52 333
910 227 855
619 395 823
986 795 512
153 886 54
684 516 156
380 353 566
1 653 656
519 859 489
793 915 653
121 266 855
169 992 884
656 704 268
601 519 227
895 432 935
568 236 415
622 100 627
500 370 658
11 315 366
941 309 17
999 219 744
76 499 935
661 558 518
601 334 497
104 925 553
201 954 898
685 280 660
221 78 6
350 552 265
476 516 990
298 459 939
436 405 -59
656 760 85
344 908 337
586 434 408
150 963 930
279 383 286
998 464 891
68 674 203
738 202 1
16 651 313
384 10 617
523 888 668
201 323 453
559 180 630
652 122 -80
740 962 612
530 520 -66
174 256 301
977 77 597
972 718 413
438 303 191
137 893 234
728 882 390
461 245 533
431 31 747
932 134 520
288 943 38
174 260 154
193 61 -21
146 170 640
652 10 99
749 717 696
776 373 314
118 602 931
172 376 308
142 562 131
621 803 176
292 669 506
631 175 91
462 716 789
178 254 378
612 26 699
771 507 866
172 926 33
555 404 959
849 856 391
224 299 890
391 716 550
223 350 68
19 641 964
45 519 762
815 51 997
489 279 691
779 748 442
640 343 702
381 960 -54
100 88 192
51 63 371
660 365 228
610 985 945
776 556 160
415 766 212
764 568 930
592 160 886
661 177 -40
264 731 497
203 898 -59
22 667 413
558 326 239
36 640 746
483 930 -70
212 293 658
583 358 819
456 736 909
962 379 153
99 791 316
368 457 273
418 193 811
44 604 868
184 7 537
959 678 -11
604 852 73
237 392 643
655 806 813
616 910 66
403 231 222
842 972 578
828 517 141
631 350 464
454 306 836
180 2 -42
699 939 557
656 206 950
768 247 728
443 369 642
46 477 981
157 880 634
188 780 744
279 489 236
350 867 457
621 322 636
179 957 740
494 573 -6
24 791 -90
942 808 201
504 33 748
776 611 664
755 18 -41
414 851 773
567 951 101
161 330 867
986 748 271
98 654 686
355 444 607
970 221 441
724 566 445
457 729 896
674 516 124
947 406 478
201 457 -64
754 83 255
687 438 -80
816 739 156
451 211 487
78 701 281
365 326 442
80 435 381
230 189 0
338 616 575
262 697 585
373 837 792
270 974 -35
521 387 986
141 603 49
16 829 349
837 745 703
255 943 199
179 476 721
247 643 67
270 992 15
628 981 434
450 832 202
593 838 182
666 41 154
846 858 276
553 549 31
697 209 303
455 922 135
432 676 258
694 690 153
95 140 835
892 627 -74
888 167 109
470 777 761
894 181 325
211 910 851
698 713 493
41 783 472
671 865 13
590 779 495
866 435 733
675 241 59
895 314 40
360 367 230
660 694 74
798 662 -72
978 242 764
359 821 826
226 410 702
850 921 359
723 473 346
531 978 525
445 828 153
209 462 480
568 165 573
319 396 425
109 572 813
303 136 -93
624 447 302
842 280 860
3 2 627
840 545 519
992 890 69
207 619 578
287 115 697
728 454 954
665 400 794
206 421 905
93 862 316
302 133 310
618 225 -96
908 868 -67
857 427 751
587 650 440
526 229 936
21 683 924
653 175 705
655 434 361
336 180 315
571 408 939
753 502 941
542 251 550
694 342 556
128 196 137
949 238 -87
797 277 -71
93 398 734
468 51 366
668 685 -42
261 33 944
177 715 -7
294 943 150
610 581 441
411 429 711
339 633 915
120 828 105
739 478 268
45 659 673
220 818 316
711 81 751
18 30 364
769 340 350
857 829 69
301 559 477
972 758 222
432 28 296
488 374 761
425 404 -86
240 703 115
811 438 728
231 505 578
49 419 275
479 712 94
286 704 465
441 592 932
398 827 840
576 915 3
336 539 -7
849 548 205
502 196 925
722 234 895
572 923 17
660 80 188
926 52 576
641 496 208
955 441 78
180 491 273
866 749 210
213 729 753
845 212 374
929 768 562
510 328 67
573 316 676
176 482 734
142 792 254
579 631 785
243 168 682
255 823 210
988 673 1
182 725 789
391 469 714
553 795 791
687 870 201
842 487 90
241 773 159
196 556 649
665 881 818
653 1 193
584 777 534
278 49 534
727 143 754
473 757 953
903 731 173
501 267 27
592 464 624
190 765 450
635 885 879
749 889 818
331 748 -8
73 991 126
88 590 138
199 462 713
353 485 489
857 218 885
983 964 219
56 538 719
27 421 232
660 279 518
160 49 925
318 469 639
519 371 194
799 158 612
977 245 85
717 330 619
805 516 284
670 74 248
430 701 515
397 408 963
320 655 -5
174 727 317
878 366 847
343 524 25
232 698 342
206 857 490
329 777 837
750 868 18
29 154 700
958 115 822
304 643 718
294 674 613
721 952 80
595 149 269
48 97 914
454 973 980
693 416 569
515 155 976
453 383 312
471 589 484
418 543 212
119 218 153
359 821 103
193 548 980
804 794 -2
912 809 319
321 664 419
323 458 770
544 795 537
604 794 950
39 717 -72
563 191 -30
860 882 364
62 766 977
90 818 347
333 566 884
161 44 177
18 140 983
376 185 329
366 261 244
165 801 989
146 880 185
840 365 904
885 463 231
174 28 -24
431 998 233
171 88 -30
43 978 37
393 555 82
355 147 665
815 774 866
210 327 507
473 987 540
53 728 269
741 28 836
744 233 390
235 176 452
741 894 744
820 22 672
568 485 -56
714 523 738
778 86 12
411 21 387
20 292 484
833 830 696
894 143 334
40 697 975
964 747 578
598 62 157
811 974 849
763 615 381
319 29 981
473 179 794
325 587 815
342 35 317
615 748 446
83 885 330
181 958 752
62 484 572
195 613 868
954 761 272
974 467 105
219 282 258
64 224 261
503 237 137
246 848 710
944 965 272
314 661 595
505 653 143
81 614 622
795 355 431
333 972 -53
258 696 386
35 175 922
469 998 461
470 714 186
410 992 200
225 92 890
65 15 670
471 236 188
671 652 942
258 547 77
919 869 392
859 851 245
142 425 908
264 709 140
879 837 70
356 401 37
328 354 697
481 412 544
539 534 83
303 966 903
600 774 627
643 218 -3
412 527 973
797 130 268
64 319 358
908 195 127
695 791 712
731 292 827
163 514 773
946 647 983
904 422 902
970 165 992
969 770 722
971 827 980
677 790 596
0 746 115
913 493 124
884 541 378
331 869 480
449 175 94
418 831 917
497 433 572
646 811 541
911 507 994
217 224 -100
551 433 689
296 170 98
159 192 678
987 645 230
793 442 763
361 763 -25
714 139 985
618 324 277
834 72 251
537 647 127
712 568 692
802 499 204
260 371 584
935 606 830
117 402 -61
616 366 486
170 191 23
981 543 124
218 212 298
287 432 886
376 673 82
484 756 60
842 614 -67
799 434 336
252 591 783
876 42 336
305 468 100
381 605 993
638 269 382
408 716 228
879 996 406
322 463 841
541 385 63
787 989 683
473 529 954
158 78 919
622 293 358
385 871 761
576 64 901
172 702 767
229 605 953
954 456 268
33 499 413
857 19 914
890 411 696
548 706 407
701 791 531
378 837 721
85 724 -70
971 114 109
967 186 991
891 447 270
591 956 904
665 55 194
913 450 954
124 925 187
46 37 921
436 236 919
376 195 673
38 449 418
69 675 123
584 441 303
390 520 730
625 375 361
673 890 929
31 342 -98
935 828 177
611 702 761
893 213 755
36 45 711
201 731 759
428 154 461
901 404 249
905 766 670
53 520 24
83 820 220
907 343 -4
990 596 586
489 867 504
297 374 898
500 343 416
491 122 588
120 188 -43
366 486 651
223 971 433
4 742 502
931 977 -55
404 138 470
439 858 350
469 875 760
828 500 938
24 851 159
265 271 925
149 710 522
719 738 627
908 354 175
818 526 634
564 153 315
863 988 -65
425 547 660
630 641 -2
590 115 659
11 435 963
531 9 787
535 686 716
706 394 592
28 331 226
501 107 -90
89 585 990
106 34 389
48 675 116
636 115 211
444 125 950
133 378 710
6 538 129
881 294 556
291 968 506
135 361 49
338 292 941
26 443 70
187 251 83
541 454 449
619 768 969
21 425 592
148 234 857
908 403 781
229 301 -61
98 862 12
828 500 142
412 523 134
996 434 115
783 638 376
846 513 369
792 473 192
920 860 436
676 127 549
618 593 217
257 326 970
652 809 489
669 937 656
904 619 699
539 227 752
297 490 969
960 504 492
433 980 623
291 247 801
155 154 697
498 738 -56
717 129 303
960 977 912
104 471 308
752 877 180
955 339 506
855 742 -16
577 250 903
27 289 600
130 231 646
881 829 665
272 872 367
600 151 810
853 513 38
888 139 536
114 522 388
155 242 926
751 943 580
646 313 760
974 866 859
364 119 281
578 708 0
678 203 327
164 346 -34
691 328 -76
520 177 945
642 215 408
90 115 418
392 215 780
925 204 702
95 827 46
798 58 0
857 898 225
61 59 849
104 982 243
233 185 467
238 589 245
555 582 364
117 411 -32
601 285 255
586 656 901
153 209 179
595 895 869
493 657 784
801 594 786
401 897 -95
384 177 172
275 864 611
159 884 964
888 656 881
888 919 101
349 35 142
947 318 679
37 347 904
278 757 -24
464 81 985
689 646 670
479 933 823
284 817 755
374 212 -84
300 79 919
715 251 118
310 710 459
341 562 532
672 951 17
370 871 298
282 154 -50
594 580 880
778 352 18
935 880 729
485 641 258
803 787 -52
776 219 382
882 485 810
386 995 581
507 887 922
524 212 -41
841 253 752
587 637 63
639 112 577
539 626 246
294 208 292
393 620 231
723 767 367
607 808 933
443 477 32
714 283 232
170 507 768
332 142 -70
96 928 630
295 250 785
4 670 320
758 386 890
855 697 749
142 954 823
172 123 83
162 465 389
269 298 269
391 329 942
259 615 -6
228 389 782
33 147 393
299 311 468
711 156 314
368 670 359
982 308 385
112 485 888
444 443 95
792 640 634
585 899 626
524 494 200
286 621 883
841 597 261
343 37 -54
923 704 172
595 520 175
87 508 402
907 84 5
112 25 488
447 111 926
49 112 442
67 741 301
770 569 9
108 639 897
185 33 664
845 468 697
777 376 505
567 873 815
323 877 163
639 746 382
987 72 434
937 621 216
803 68 473
979 497 30
429 539 847
836 497 839
308 328 193
504 228 444
858 499 134
691 803 -58
500 353 854
873 778 58
791 28 223
870 604 109
554 967 558
794 706 623
72 219 595
710 867 697
165 674 -8
648 291 -77
346 914 94
709 69 952
116 710 853
494 177 -47
866 608 -55
432 157 489
331 357 379
325 324 899
592 795 769
577 150 180
438 982 22
975 194 496
981 410 263
217 704 102
180 894 482
26 933 -11
300 84 -6
598 732 325
846 415 809
464 110 163
431 38 485
116 523 925
614 320 369
970 717 33
228 484 625
532 377 69
943 80 357
821 509 895
23 232 837
245 512 730
257 744 -1
438 327 456
807 523 903
368 147 835
857 48 -57
284 458 362
882 864 657
985 276 760
385 400 934
871 928 813
18 182 686
418 661 603
337 799 276
562 874 61
297 796 74
216 203 658
590 432 742
941 519 934
637 847 376
958 743 762
988 232 160
724 793 87
153 200 965
585 394 940
25 500 402
129 504 983
944 367 142
885 39 801
186 922 712
373 213 351
40 711 785
350 311 401
395 100 1
659 51 229
470 230 761
764 261 249
376 936 727
391 463 62
59 937 195
171 941 128
504 36 202
420 415 610
657 891 343
105 725 909
924 191 456
73 363 824
359 706 889
837 912 951
671 44 834
718 824 400
581 86 245
308 635 476
540 965 565
402 611 887
939 113 706
933 554 -48
605 664 321
213 514 -73
249 882 709
791 775 183
913 653 840
725 423 54
121 900 835
504 145 309
544 961 753
590 776 644
187 758 929
186 514 546
759 781 494
829 842 734
577 51 150
172 715 553
828 445 950
407 831 -22
