1000 4000
784 721 179
592 331 239
297 373 202
586 276 678
880 946 924
255 345 246
555 973 949
737 195 653
90 572 834
165 892 -54
250 72 58
261 211 336
974 727 724
59 74 -32
484 839 489
984 954 27
725 788 876
200 359 687
989 222 868
321 99 209
409 940 801
665 682 154
536 691 5
642 227 953
39 348 94
75 219 285
208 785 162
206 986 183
142 348 961
516 933 203
746 252 449
223 892 360
434 42 -25
222 979 969
540 969 859
14 566 11
136 626 600
384 998 747
379 152 109
568 416 387
786 597 328
200 811 94
562 72 772
718 37 317
102 547 364
929 42 562
186 116 771
811 357 762
145 251 43
105 392 420
830 637 563
421 834 -26
176 393 821
211 573 125
209 547 921
571 632 242
615 659 101
709 629 -83
523 956 324
486 753 888
293 100 481
641 97 967
480 481 890
797 31 76
329 413 620
221 7 535
734 559 738
821 747 626
331 341 617
474 312 840
443 977 224
480 558 185
978 397 91
198 706 373
835 969 951
381 144 462
259 820 275
878 550 366
146 736 21
334 465 570
554 217 430
632 702 15
815 434 776
219 815 -53
249 993 781
786 750 339
878 58 752
359 891 138
396 275 -7
934 884 131
505 422 987
611 118 590
257 241 298
122 636 718
315 377 937
435 611 234
192 592 196
291 604 260
496 165 289
426 433 240
186 556 623
22 633 460
294 653 576
363 885 -25
283 76 124
937 228 603
286 743 313
823 443 135
812 393 250
561 871 756
948 382 344
475 493 -21
885 324 914
459 765 458
482 247 65
37 543 477
337 229 864
767 374 421
131 148 307
861 145 546
842 356 570
17 705 443
666 895 274
913 184 150
470 566 514
557 735 417
765 492 512
499 426 135
128 132 545
613 563 672
408 141 445
281 905 576
378 366 358
377 240 935
688 694 67
249 946 -40
276 44 -87
516 848 112
488 378 64
50 823 752
617 66 899
915 226 265
122 709 295
719 444 736
425 556 643
449 567 746
285 127 328
837 437 -64
278 201 317
605 99 -19
216 577 197
977 653 433
650 38 644
174 958 551
10 71 995
724 5 576
271 28 687
486 660 523
613 976 435
188 838 373
54 377 -52
469 291 291
656 572 679
481 231 817
103 829 363
903 518 183
787 18 971
406 595 123
216 462 134
107 207 560
533 328 564
484 402 307
807 860 861
191 848 953
876 945 462
407 851 234
44 13 532
18 945 -18
391 271 181
64 942 768
991 905 331
585 910 151
917 125 106
456 719 -38
156 440 47
123 626 459
568 902 -53
391 569 463
575 562 539
755 905 550
682 961 621
429 137 88
701 945 60
58 351 -43
651 96 667
372 75 332
245 732 107
476 916 490
172 737 99
57 434 281
290 47 442
380 232 961
562 356 473
39 406 49
996 550 577
371 311 570
63 311 820
599 949 216
343 149 545
766 981 722
143 245 305
704 842 773
323 397 545
226 551 95
299 894 518
326 519 624
120 490 965
991 361 208
326 606 336
667 986 761
184 141 -53
292 629 292
632 316 630
976 642 668
389 224 107
290 80 502
762 163 87
722 321 643
482 13 365
517 215 893
532 420 555
699 579 398
877 541 572
455 678 828
606 341 189
476 764 674
493 120 827
755 762 544
424 176 613
98 568 583
339 983 348
712 290 85
601 478 342
967 74 941
28 131 376
608 76 822
1 553 964
935 748 339
353 222 614
726 408 37
665 419 -14
66 679 386
939 644 423
721 68 847
204 435 139
607 615 47
209 265 106
822 608 -96
461 207 265
418 58 -59
64 426 975
634 463 111
441 117 62
714 284 -33
149 74 410
428 592 -35
903 310 -23
729 845 269
135 378 144
314 554 238
613 538 636
154 720 287
704 474 786
649 723 185
938 261 838
350 230 980
89 249 365
355 761 28
233 693 506
451 423 71
11 608 318
30 404 -80
751 124 549
163 411 699
209 344 125
666 807 100
650 214 158
673 881 267
888 762 -31
873 666 50
134 744 907
258 437 945
657 735 722
675 87 850
979 865 605
309 618 -76
136 183 165
199 192 221
691 541 447
62 794 522
133 838 968
14 512 834
437 912 818
589 245 487
923 531 811
177 705 431
979 217 822
954 666 602
160 55 243
280 60 697
219 68 99
14 155 382
836 65 292
920 60 516
741 752 208
789 174 76
990 810 -50
153 538 498
319 369 578
580 128 -74
638 778 451
254 306 721
206 960 430
283 578 238
88 253 759
238 355 63
76 510 574
952 467 334
353 57 236
752 522 995
397 334 345
438 499 705
983 350 402
909 663 455
82 694 779
330 124 660
432 779 608
77 822 104
324 18 613
454 571 190
262 565 67
387 689 758
84 318 413
800 417 -54
381 937 148
487 834 360
928 464 389
172 407 494
668 961 605
451 982 489
351 822 808
283 582 18
489 678 510
20 292 637
54 657 -1
139 706 27
318 857 183
380 290 424
635 926 144
424 929 322
243 236 832
943 164 337
983 734 75
658 943 229
415 850 110
48 669 435
206 210 903
390 373 811
45 121 877
517 379 373
244 567 422
38 673 254
86 361 458
306 639 746
364 945 634
752 31 656
979 254 -88
693 360 963
83 600 -53
165 508 776
57 419 469
6 417 701
466 588 359
588 788 259
951 627 813
910 716 697
4 304 640
303 676 666
97 614 417
900 22 952
610 105 76
271 533 -16
11 328 341
813 51 144
157 236 331
22 517 925
278 555 296
10 33 26
39 238 420
845 772 279
984 446 406
194 952 348
783 777 205
907 779 676
392 142 678
522 859 670
58 578 147
467 491 601
180 870 655
101 275 941
556 670 602
306 100 185
658 419 646
421 642 111
460 334 175
987 579 501
974 391 956
954 989 403
680 514 313
434 860 631
84 684 -26
380 663 392
71 560 920
272 425 415
687 148 159
682 302 376
774 292 119
131 873 617
401 707 97
798 768 -46
412 130 320
670 40 387
471 748 162
797 987 380
608 696 828
416 778 301
718 814 450
171 959 234
736 832 -77
423 808 590
205 750 581
497 873 260
717 725 999
301 239 -76
89 630 541
871 495 -41
93 886 -16
713 62 724
240 111 -45
406 969 981
509 573 309
43 111 -48
955 717 734
454 7 890
815 413 146
698 560 961
886 28 463
166 949 21
114 530 909
892 718 549
506 584 804
477 3 41
128 360 366
574 615 677
203 893 132
124 614 -71
117 991 386
342 323 101
264 301 650
225 922 942
632 388 644
206 454 111
943 806 618
849 228 767
123 695 464
451 128 39
247 938 405
866 246 589
66 381 271
729 845 732
246 327 635
108 79 477
572 495 -22
261 424 772
974 995 900
684 139 290
632 727 218
690 326 378
31 980 774
39 912 390
610 796 791
125 78 720
574 392 167
457 213 573
337 145 994
735 929 820
260 16 282
214 990 722
406 756 668
21 953 704
594 403 634
840 894 300
165 209 715
434 362 902
986 185 154
698 503 135
866 247 680
828 286 989
163 654 214
305 982 551
382 123 281
563 168 587
34 563 811
86 62 706
453 417 207
265 779 808
560 18 -58
69 881 285
911 84 565
500 267 456
485 290 213
631 787 301
527 408 876
469 295 264
990 146 722
382 620 431
407 966 317
709 626 875
985 116 -66
100 14 153
48 358 295
109 662 320
843 0 925
28 823 275
688 49 635
630 551 43
528 767 810
46 965 708
913 75 504
238 763 791
533 999 118
723 847 510
738 132 -47
546 921 882
681 643 107
203 881 600
415 719 -75
180 288 630
360 829 208
226 533 499
487 115 759
200 239 954
336 149 853
263 497 929
911 514 571
544 663 730
464 149 151
342 185 299
956 635 -66
367 601 -81
586 744 247
246 466 814
634 728 -51
126 889 946
985 43 748
746 736 -5
998 475 169
573 200 195
118 175 633
11 857 922
938 452 622
536 651 849
174 717 433
400 868 446
946 170 62
519 987 633
130 878 858
116 421 188
569 195 992
754 732 883
14 832 666
914 519 304
930 703 310
172 677 146
145 468 370
675 130 -100
387 825 73
890 228 130
532 25 357
302 898 450
629 530 164
597 537 132
74 128 478
269 472 131
733 235 937
107 885 205
737 948 52
580 760 252
814 229 285
745 728 188
996 931 721
143 808 584
504 329 533
239 861 789
989 543 40
491 894 671
589 991 223
708 296 391
328 919 -93
37 480 650
420 373 514
803 285 340
35 71 697
611 567 48
437 625 93
717 201 968
85 526 992
968 889 586
691 336 777
919 780 882
433 627 777
607 549 17
906 623 970
372 748 575
898 151 305
187 446 330
987 220 472
859 419 781
474 208 526
13 326 -37
798 953 43
425 439 421
478 399 565
478 214 744
433 752 510
501 151 258
188 140 -92
194 873 -62
302 182 325
192 663 469
604 450 84
880 341 981
685 933 626
319 261 175
228 640 142
90 317 -56
283 138 -70
919 669 736
404 26 -16
76 844 619
884 957 377
142 415 40
405 932 474
135 233 646
24 191 -61
830 10 426
219 783 131
787 463 488
722 424 749
546 309 392
688 232 -22
690 499 982
202 25 245
375 445 188
879 945 917
771 23 69
876 277 905
675 196 228
710 478 897
509 595 165
363 239 221
99 578 803
304 514 146
47 982 -79
889 788 309
941 914 77
485 54 89
331 664 568
974 118 551
375 171 635
993 107 920
965 611 864
991 793 736
582 481 10
290 652 788
781 10 464
127 539 417
872 880 -40
890 794 907
670 697 539
507 97 719
362 217 648
161 17 429
45 109 801
167 977 704
396 220 537
649 980 -31
329 651 924
520 703 942
152 378 673
554 78 268
581 112 869
330 552 917
355 722 382
557 175 978
287 10 705
897 364 125
66 181 235
634 323 618
654 636 914
468 624 785
511 533 41
469 362 141
766 635 864
185 908 890
814 635 617
63 957 802
327 405 527
562 966 58
448 33 719
537 39 -87
341 102 95
387 927 834
510 796 342
410 645 694
735 533 867
562 739 913
278 957 271
370 129 452
335 893 98
602 925 825
142 586 649
661 504 910
722 601 721
876 412 508
446 671 52
559 822 373
659 923 744
306 794 27
982 909 898
804 843 475
211 328 237
1 174 614
144 520 727
972 641 357
629 289 883
636 107 152
471 501 162
64 497 452
24 82 760
136 518 41
924 455 0
511 489 399
553 232 767
270 715 772
719 562 25
509 991 807
445 681 208
247 476 531
662 11 296
744 566 165
622 711 326
233 579 -72
348 891 118
183 426 714
901 587 195
522 3 -36
323 200 -43
84 670 950
109 113 455
991 638 200
328 628 489
925 181 -46
825 630 404
385 187 797
18 510 744
184 237 844
200 389 957
854 294 984
112 932 -18
957 873 676
736 587 774
654 318 611
482 639 577
598 360 453
544 964 12
390 376 921
599 718 910
697 658 76
806 476 447
106 899 573
83 851 721
939 993 68
587 664 -21
615 866 750
303 740 729
217 996 558
961 89 833
760 875 37
832 754 103
599 398 789
547 704 -77
433 138 670
362 139 629
803 172 569
11 771 780
751 220 889
469 934 108
70 693 -4
778 609 571
85 131 -41
933 389 930
898 883 299
817 825 641
156 124 -75
871 368 289
726 756 242
219 590 362
953 834 814
182 133 564
243 994 258
424 240 691
910 351 686
347 42 599
564 235 -94
792 943 237
835 215 940
532 540 171
497 345 -75
833 208 171
971 992 528
969 51 790
224 354 376
338 817 484
186 462 176
837 963 390
67 563 -48
644 663 571
408 579 466
301 535 864
823 350 358
202 887 462
727 7 564
737 696 709
27 618 -54
624 787 552
969 170 98
437 283 754
339 324 124
870 679 120
738 850 415
713 809 368
362 643 515
537 348 994
535 748 -14
990 961 21
503 839 477
938 499 108
305 152 864
963 214 761
193 763 386
913 228 106
889 228 625
241 194 370
695 705 971
295 931 271
183 42 46
145 924 333
481 966 495
381 354 660
636 919 135
112 182 324
749 915 603
528 918 494
925 820 87
46 939 237
827 867 626
37 14 441
502 256 346
934 347 875
589 906 109
83 65 946
991 988 138
304 308 -42
867 226 9
887 857 651
284 607 -7
912 622 660
274 450 575
213 381 582
586 421 571
164 971 504
727 567 -96
407 854 452
164 610 343
309 906 770
451 642 666
759 617 189
245 233 988
54 389 -2
484 202 556
950 801 976
78 750 668
168 514 292
615 610 452
676 782 782
276 121 673
383 548 446
575 441 695
407 403 150
780 738 516
831 102 250
822 532 563
687 310 420
747 251 916
343 45 379
259 723 11
497 306 694
490 687 660
364 38 232
973 310 863
810 190 214
498 676 676
12 297 -100
918 827 894
365 573 632
680 641 27
2 775 361
363 724 250
846 476 791
684 923 648
150 459 945
792 218 629
92 270 741
437 485 353
338 401 742
21 33 0
764 844 -48
173 339 63
6 195 433
875 542 845
801 546 534
742 682 -98
75 521 477
29 436 -36
942 713 642
199 785 553
142 811 39
100 250 199
257 908 538
851 830 771
243 43 61
160 698 909
110 524 514
906 395 628
342 7 900
445 109 67
491 291 -45
415 797 191
108 56 790
278 555 163
439 645 888
883 352 77
174 729 464
683 648 221
793 311 -38
830 179 156
81 672 232
636 422 410
313 885 238
211 871 5
334 220 -4
391 265 141
407 805 561
297 792 -65
799 73 385
45 301 780
244 643 36
11 245 951
338 176 298
969 402 685
593 650 837
544 733 348
923 787 693
881 563 777
591 118 217
340 219 0
494 938 829
837 923 354
337 121 120
824 447 295
814 216 980
337 764 586
203 520 436
321 21 712
90 553 963
453 603 241
925 218 210
228 682 791
568 553 634
307 580 -35
38 557 137
294 319 65
9 10 323
350 581 62
388 844 355
732 579 615
294 239 589
625 968 123
563 485 438
596 905 388
434 159 71
115 223 329
857 413 -96
115 842 786
405 210 382
782 859 766
693 745 393
616 269 -14
803 896 779
963 882 903
221 579 856
639 725 461
998 589 503
536 454 321
397 0 312
486 356 -88
493 614 79
948 823 853
249 57 701
359 82 278
186 325 7
319 754 153
832 860 647
12 821 191
13 170 21
140 808 52
103 437 353
565 407 567
181 726 -21
553 874 724
195 560 -74
816 490 128
225 965 223
687 969 -71
776 837 511
701 932 353
541 265 485
72 497 724
146 920 205
805 596 245
882 686 753
228 169 1
836 131 857
817 953 234
15 296 442
846 780 552
952 92 120
343 450 598
464 165 446
933 407 689
596 17 645
351 937 320
89 282 880
816 378 922
553 306 72
351 914 489
982 196 -77
762 840 210
964 457 622
189 414 569
400 241 186
258 183 848
166 240 229
676 636 33
918 999 978
888 504 916
474 295 -94
63 802 238
109 441 632
818 435 828
347 621 851
127 534 119
62 229 508
893 338 55
744 189 475
876 82 198
649 687 596
420 879 827
920 357 836
496 394 779
874 773 201
336 569 234
966 269 491
597 678 654
957 881 666
836 152 292
288 759 961
480 329 706
707 527 776
263 737 170
798 721 402
410 721 341
578 684 388
34 771 325
477 268 196
526 985 9
273 927 -52
62 830 523
61 708 796
349 871 -6
872 916 745
371 520 965
51 129 360
920 92 720
313 230 101
647 159 874
795 799 624
681 629 801
718 361 502
512 526 388
360 171 166
823 950 917
244 49 847
527 647 72
891 415 -93
190 314 8
702 268 779
900 136 586
558 381 836
960 146 -89
533 339 978
314 39 729
376 993 44
3 410 -19
755 249 107
546 207 687
702 504 22
165 531 782
362 196 746
377 390 968
2 714 99
697 645 450
206 815 120
476 897 405
316 762 195
773 62 304
974 533 458
920 34 40
609 715 196
897 972 173
575 477 759
278 68 -6
164 117 -11
657 198 -88
195 511 689
319 404 179
870 645 552
169 783 427
242 809 356
341 587 450
828 792 -71
533 440 602
178 110 312
789 289 -31
201 429 753
243 911 58
736 501 744
261 154 566
589 18 -42
528 751 987
295 46 794
332 891 943
667 136 -50
698 959 194
579 272 154
206 484 901
535 139 870
772 942 966
955 110 858
617 848 -84
576 755 704
352 425 697
360 788 894
970 23 629
86 949 779
167 5 579
33 978 -82
831 712 821
128 931 443
218 190 853
265 293 54
27 625 700
515 404 817
935 883 151
67 993 635
104 870 830
659 188 813
199 20 775
233 496 494
179 365 663
942 77 271
531 257 -72
803 302 279
988 326 322
714 343 -14
632 669 818
416 119 224
599 663 657
328 412 720
430 361 52
417 378 -3
40 899 82
587 539 -14
340 420 419
204 50 204
411 762 651
55 572 50
427 87 343
789 625 626
906 480 690
6 978 4
377 32 384
132 674 -65
949 750 149
685 519 486
232 826 129
871 408 656
262 436 306
236 341 93
614 107 517
610 937 868
82 751 715
941 563 237
204 985 144
483 8 416
657 795 313
619 78 919
349 958 245
859 488 373
30 333 806
9 271 41
134 616 99
981 112 -37
617 728 492
24 931 924
163 709 461
67 489 790
338 702 98
375 697 60
251 809 154
357 812 936
557 31 946
151 803 144
143 159 105
807 37 559
507 405 363
775 298 343
681 782 779
532 833 421
994 324 510
784 916 97
537 751 377
919 976 530
21 682 424
613 957 316
433 765 78
194 352 404
334 466 177
626 948 841
304 843 -30
467 743 318
673 24 -27
138 38 189
536 304 220
636 159 891
907 581 645
58 588 578
751 597 618
281 773 -59
508 585 130
449 560 819
632 704 190
495 701 519
387 232 -73
738 346 -44
265 198 464
867 756 204
718 546 529
644 909 867
881 568 -64
680 307 391
813 665 917
623 668 99
129 499 652
432 512 596
474 149 281
785 366 120
230 539 115
618 575 -62
356 662 527
618 530 268
119 865 243
651 490 356
578 37 419
112 760 772
514 796 671
24 995 -86
581 645 668
222 869 -78
510 536 966
338 446 830
671 886 368
510 911 179
360 461 430
146 266 -3
189 194 85
840 745 169
160 915 495
122 741 456
541 190 274
435 602 738
984 18 841
665 672 262
307 150 515
936 231 272
865 516 469
436 504 745
201 460 304
327 405 966
139 500 76
123 0 947
76 23 943
779 778 469
168 164 821
876 737 422
413 905 9
7 813 572
349 939 -58
670 229 169
232 681 692
556 246 364
358 815 708
864 904 254
167 304 32
293 915 670
573 236 794
293 960 86
892 927 360
799 929 80
865 350 817
747 821 451
719 749 864
794 709 957
762 665 -43
655 296 393
960 289 511
370 925 357
956 275 385
474 167 924
194 865 869
619 977 259
343 736 93
803 536 883
910 425 552
858 398 280
833 342 783
155 173 438
876 53 259
179 972 340
175 997 904
466 449 944
898 816 67
316 455 689
105 611 364
761 979 408
763 338 124
108 687 514
477 516 31
753 839 741
217 669 759
251 782 396
94 996 141
676 913 293
339 745 671
431 551 113
535 605 3
416 911 76
861 555 271
506 901 741
560 815 935
402 214 -71
256 476 340
896 151 175
792 270 351
178 186 78
398 930 89
780 241 951
198 920 345
525 798 -70
428 918 230
45 896 761
879 626 801
415 29 -91
377 791 546
818 844 -69
259 533 907
157 676 645
285 922 598
55 99 272
411 403 815
196 302 524
162 663 415
185 797 916
979 999 590
393 948 87
5 471 -47
841 671 129
995 559 819
435 523 597
55 971 446
575 167 846
778 420 38
494 128 20
364 803 922
446 624 68
341 622 -97
429 255 117
20 554 542
945 359 825
753 116 99
983 419 826
216 989 703
820 305 152
416 891 -57
415 425 239
430 600 930
483 783 947
991 462 44
20 193 952
355 694 46
367 156 647
559 732 66
325 514 95
895 56 704
13 731 935
517 432 774
381 142 169
390 608 605
6 330 577
596 233 208
23 450 898
175 333 18
716 914 -21
750 208 297
477 585 909
315 179 997
151 764 -21
892 397 34
816 112 586
573 572 -74
708 54 663
800 56 110
268 348 510
454 293 133
305 487 546
77 772 814
691 14 366
891 560 740
405 920 471
330 618 557
836 297 259
546 797 253
91 623 272
622 282 789
810 593 143
66 766 -19
299 102 944
357 603 854
136 78 172
554 168 -64
552 627 376
413 610 393
226 279 345
150 970 332
469 184 322
157 926 718
348 271 476
301 709 22
27 763 297
739 235 -67
158 377 102
668 626 181
713 750 830
59 157 874
887 173 485
395 691 689
52 325 674
885 201 53
543 239 952
453 794 69
359 379 298
528 280 701
971 35 -43
816 356 115
909 413 495
103 937 70
300 367 731
268 853 718
832 125 970
753 27 179
44 587 770
12 956 40
731 855 948
166 706 620
790 841 131
135 930 980
699 651 292
632 998 178
781 23 137
357 496 802
415 218 705
134 126 93
305 314 -41
883 402 156
490 803 921
626 807 -34
243 980 581
78 911 62
977 615 361
850 9 -71
690 668 768
661 684 621
712 22 136
405 109 251
430 513 37
293 602 -24
234 631 243
326 879 -93
844 204 556
642 865 36
105 260 704
74 880 318
786 933 832
580 349 221
793 496 161
515 81 26
151 367 597
415 134 31
810 683 868
500 224 671
431 328 87
67 975 464
914 855 504
40 590 35
391 530 407
700 702 -31
615 737 640
155 679 225
826 523 464
190 822 713
636 914 884
500 268 402
49 79 107
520 869 954
17 266 830
443 455 868
870 184 604
107 752 422
87 466 -90
764 602 766
345 882 223
10 988 341
43 675 391
262 315 600
648 496 963
511 531 777
173 540 761
810 848 -93
219 205 260
551 733 541
890 71 859
924 193 76
531 561 978
128 82 680
790 510 414
910 497 531
497 490 271
273 922 124
864 233 371
114 161 853
948 52 171
635 960 792
867 183 960
860 820 782
762 410 -74
807 44 14
274 874 409
667 558 698
932 774 692
34 287 165
561 833 617
807 165 568
496 784 216
398 880 -91
37 265 147
734 428 361
809 619 158
474 496 858
769 704 162
767 514 683
520 403 814
524 961 121
541 228 633
23 391 786
865 978 213
341 840 -85
750 524 556
541 982 832
67 393 532
271 668 90
529 225 313
383 275 68
983 319 542
452 735 700
284 819 562
152 615 853
829 916 163
512 328 928
548 64 192
290 782 541
665 858 223
708 172 296
944 582 278
649 550 960
72 890 823
12 424 590
620 761 -73
587 988 110
3 332 46
776 500 113
842 571 620
869 810 325
666 668 765
328 573 74
665 586 277
76 962 525
465 14 45
840 269 761
720 382 212
473 983 428
194 536 852
678 726 -48
845 319 368
987 186 554
520 631 947
877 65 988
53 671 884
567 4 699
883 991 906
75 98 157
412 404 711
626 995 900
990 608 307
49 362 956
687 294 -27
707 244 935
514 999 389
760 600 -31
527 104 923
840 727 390
347 269 599
726 138 187
714 696 239
520 600 579
862 96 509
565 644 270
113 120 -23
974 332 283
904 368 148
541 554 676
550 571 606
629 834 567
62 727 341
784 362 -69
838 832 374
898 435 823
590 881 202
751 982 166
684 138 -2
584 656 302
544 675 547
511 648 497
474 468 606
793 210 748
652 83 -20
128 562 754
91 42 105
400 34 -38
412 342 120
721 951 806
267 413 897
29 961 314
998 931 716
147 942 957
566 308 897
586 747 12
767 222 33
607 845 807
586 792 577
115 149 859
701 443 899
773 392 840
795 850 660
257 998 584
321 337 238
626 987 676
876 721 62
716 879 385
422 243 247
401 0 929
661 142 597
845 983 536
681 401 645
659 874 332
5 697 380
519 916 767
841 457 542
929 625 466
262 756 605
977 578 343
428 659 648
34 227 88
381 410 986
506 643 554
715 736 918
493 697 131
990 553 323
106 729 120
709 993 399
591 360 -41
740 257 607
666 245 -27
830 903 442
150 97 137
827 754 224
601 287 953
383 50 655
901 182 457
642 252 404
337 585 498
240 423 -58
731 703 901
551 946 839
206 895 907
390 73 715
888 790 962
213 999 4
106 124 900
950 413 926
356 427 -5
946 771 391
118 93 195
520 119 588
158 984 644
704 627 256
821 285 358
530 939 577
798 193 298
771 497 757
560 416 355
62 668 198
672 851 916
177 902 939
999 390 664
428 526 269
124 761 39
821 876 126
891 537 744
845 215 2
953 391 843
955 560 72
511 657 378
413 950 982
360 337 836
768 414 749
655 163 217
909 785 499
214 757 509
113 162 77
33 72 180
110 341 573
331 815 34
523 446 -87
969 812 530
287 217 343
99 471 828
15 856 549
956 753 -84
261 693 825
499 229 995
747 655 -62
800 729 373
359 786 715
825 555 297
622 714 891
600 759 300
660 183 304
242 848 807
720 970 -18
352 74 321
761 161 503
471 526 191
948 120 766
554 744 442
996 429 -20
535 23 848
233 686 133
51 903 -30
290 709 497
997 172 539
463 416 697
850 46 111
175 842 -36
844 296 148
618 273 861
66 965 241
434 603 469
455 118 143
103 984 495
91 918 785
982 808 789
159 338 2
270 17 229
109 388 455
935 651 349
403 673 836
215 681 981
232 918 217
955 117 474
85 493 707
878 683 -83
247 448 54
254 924 462
484 328 669
808 34 188
584 875 78
671 419 -58
892 880 52
440 303 857
262 980 -32
101 579 134
368 121 543
823 312 466
517 363 -24
449 454 -77
456 406 950
382 419 95
30 690 38
414 57 172
636 918 976
426 764 620
575 517 524
541 194 469
340 258 327
419 945 78
681 825 304
374 733 789
773 873 314
987 547 510
252 133 594
956 40 186
474 130 802
331 182 266
385 798 -49
662 537 103
85 661 40
438 902 590
851 614 -93
555 310 727
692 424 553
670 681 61
16 256 837
295 129 830
159 416 597
684 45 42
822 356 13
392 870 763
77 959 621
271 79 613
745 737 185
425 8 297
987 143 89
565 131 346
535 308 260
321 902 94
99 166 767
123 876 775
266 546 43
103 207 774
104 494 484
847 350 390
205 208 -96
405 675 628
878 367 48
633 279 574
926 632 563
456 945 103
208 569 -100
633 666 897
134 990 194
425 543 839
236 204 843
89 434 316
334 154 180
360 848 485
340 214 786
687 652 370
19 967 791
965 875 535
429 469 748
273 721 868
443 564 225
356 53 -64
537 50 219
836 120 696
415 325 866
535 622 816
825 137 199
114 199 323
338 706 810
561 665 618
293 584 729
526 443 463
138 24 691
786 605 5
418 883 103
642 478 225
769 242 467
998 972 734
389 688 471
950 631 373
412 868 807
136 961 936
304 514 252
192 703 481
835 12 129
682 412 486
227 722 608
16 430 213
719 946 684
369 527 430
301 917 799
406 453 624
920 556 686
988 364 596
564 721 572
117 998 961
12 731 740
502 760 986
296 740 602
145 285 615
766 694 141
868 566 962
125 218 760
634 949 -38
812 900 -36
703 73 416
163 701 423
617 408 134
235 702 405
138 422 530
63 290 730
43 927 518
393 731 216
890 386 611
309 759 204
337 984 407
492 20 703
9 825 165
349 558 332
684 100 91
560 660 629
418 583 895
536 75 846
568 422 856
238 449 947
834 317 661
676 242 223
473 817 64
969 384 369
66 176 329
973 836 483
340 412 704
84 819 101
930 697 156
353 914 903
420 819 894
249 165 527
83 802 535
450 900 624
810 43 79
704 825 798
530 962 150
644 849 517
166 307 635
363 772 912
337 757 -44
198 959 -66
857 647 320
237 368 552
33 285 67
21 514 944
904 808 362
540 610 772
319 691 211
435 619 669
561 181 165
46 358 95
164 451 582
664 593 197
589 811 528
482 897 821
73 192 837
528 217 607
487 553 614
331 828 332
538 822 146
950 696 17
548 183 952
370 995 62
125 325 684
651 106 980
419 649 301
892 769 388
839 200 -17
270 906 480
846 999 -59
731 15 943
885 492 785
565 311 955
169 275 990
6 273 702
473 398 570
996 209 738
500 535 304
927 363 710
968 10 867
621 579 -22
888 871 361
373 583 558
837 726 -30
868 706 68
412 370 636
694 961 153
638 736 526
415 770 -73
489 916 13
182 803 112
653 118 270
275 134 830
565 966 942
826 21 304
820 982 616
593 727 41
217 719 751
886 120 448
257 310 -12
30 847 673
855 88 82
646 119 256
101 55 390
148 424 347
486 206 82
186 430 554
688 711 675
916 269 480
452 455 320
55 90 -26
383 472 55
536 118 384
310 971 844
398 652 89
491 893 291
603 797 756
902 588 976
296 251 751
760 238 722
85 864 503
407 716 -61
231 607 283
268 348 -42
787 12 27
668 290 -79
808 43 525
141 250 38
421 913 279
847 732 304
996 683 883
87 516 490
794 235 -31
268 316 955
498 697 -19
289 960 85
585 605 466
74 775 961
750 159 336
986 551 431
110 529 902
651 43 732
608 506 374
961 892 139
198 182 922
74 158 266
155 38 -9
96 886 744
21 970 -75
413 219 771
959 720 220
220 510 273
94 643 675
979 992 21
800 33 130
468 862 55
300 352 977
273 724 535
624 111 207
707 941 596
756 222 331
713 432 224
424 689 470
919 880 582
708 236 792
461 176 880
171 803 752
948 917 589
558 694 445
113 926 866
512 538 586
480 11 -12
866 334 517
286 603 486
778 818 457
810 337 187
656 938 552
285 15 3
988 623 277
562 644 -22
117 393 695
774 617 960
307 369 -14
784 771 68
294 406 439
359 572 581
135 250 649
353 996 406
848 270 767
237 994 951
123 609 78
138 845 94
64 492 460
181 505 276
310 947 -62
846 298 450
855 434 114
7 450 240
485 602 926
383 470 949
916 612 413
639 951 820
363 173 393
443 566 801
946 218 101
529 902 291
506 709 335
733 130 967
370 844 567
110 744 709
810 186 -90
424 742 679
649 295 217
808 387 255
601 389 716
190 851 422
32 98 890
763 196 875
459 657 709
889 23 -68
299 670 127
67 427 0
134 383 664
934 468 777
567 438 48
171 437 788
479 109 653
305 519 774
464 520 296
879 773 796
874 961 179
853 377 332
725 918 414
173 101 444
486 230 617
40 727 856
242 490 -12
875 720 193
639 221 606
595 472 335
687 610 444
13 158 764
420 670 921
427 496 82
445 553 663
987 361 768
351 154 390
67 566 677
153 350 210
897 569 978
429 571 -69
801 874 28
288 626 345
569 798 593
916 355 457
317 175 96
318 458 553
35 632 758
24 663 399
745 235 931
736 684 894
292 66 668
154 321 932
351 308 533
496 123 20
845 228 301
563 744 450
563 638 362
126 613 -7
6 833 642
851 945 765
820 527 661
429 727 967
669 615 968
346 695 106
473 828 517
924 699 638
526 695 560
319 349 835
310 43 539
152 592 438
358 897 887
94 361 533
220 980 410
648 992 756
528 462 231
24 776 256
702 673 142
930 777 961
657 449 742
888 692 144
160 954 193
585 323 991
44 29 527
553 808 37
927 825 167
748 879 126
399 665 384
744 343 35
840 300 658
893 830 410
199 426 568
151 717 -53
272 383 51
815 101 9
707 886 879
656 229 546
166 565 573
659 484 303
64 660 987
52 504 676
644 999 816
225 263 858
535 384 -91
688 211 73
789 590 449
755 610 933
304 618 930
89 345 829
81 440 261
793 381 494
960 486 816
3 527 856
909 864 591
542 181 337
533 499 16
416 785 522
918 923 26
356 981 443
135 494 44
976 305 944
894 300 384
474 961 386
115 292 578
840 247 851
768 35 617
230 717 814
197 9 374
983 592 -74
75 748 596
290 982 786
0 630 -33
216 767 98
958 48 303
942 169 258
20 919 218
882 620 240
698 494 847
959 768 446
998 429 712
448 127 473
903 303 325
213 672 230
8 442 883
267 223 180
262 2 80
568 83 551
358 576 131
690 552 353
81 360 -37
947 828 486
473 121 163
428 159 537
533 997 674
311 696 252
330 727 595
376 273 375
612 756 464
931 88 236
837 767 436
695 88 293
288 100 114
139 130 608
876 444 972
822 959 609
216 199 655
614 715 899
231 95 783
218 204 -54
477 529 306
640 100 653
79 391 182
772 451 784
686 374 320
704 646 843
609 205 418
492 676 863
810 95 909
525 301 951
733 327 768
882 771 47
629 389 722
104 518 580
667 912 474
898 922 -39
167 68 349
697 622 -16
308 850 687
118 350 341
453 669 821
218 713 139
657 51 991
987 459 788
232 396 -67
504 375 877
227 329 888
882 379 -38
708 195 529
259 472 745
416 675 -69
626 329 975
702 327 536
933 532 951
508 352 888
320 901 153
104 99 508
754 682 733
736 388 962
373 684 832
854 942 636
331 525 -16
569 751 719
573 632 313
483 62 615
564 539 293
856 402 -94
4 421 -79
214 872 86
547 273 396
421 943 979
448 150 953
456 935 909
312 367 -22
201 822 347
93 519 355
871 590 52
177 852 263
268 806 -99
920 894 615
39 880 346
68 925 832
586 926 -16
667 928 310
198 349 -58
137 912 -7
222 203 523
437 344 653
205 581 212
70 259 303
842 910 957
717 558 -41
337 946 342
105 440 341
652 262 764
417 264 960
716 984 23
938 537 84
228 703 849
539 663 693
506 450 46
66 172 668
145 961 524
838 651 -85
394 129 777
801 733 362
244 748 404
507 633 409
324 407 803
964 605 793
856 237 194
233 392 469
727 934 415
475 930 496
39 418 868
395 371 903
247 726 865
757 911 76
552 636 395
938 149 263
584 615 447
970 336 873
541 496 662
245 428 571
66 516 783
279 28 885
460 745 359
384 907 900
119 220 856
602 890 885
361 307 36
297 14 177
750 911 25
12 92 111
113 266 644
175 162 433
611 29 75
806 301 89
757 547 346
524 972 403
543 480 870
770 191 729
950 595 -96
126 223 -20
477 115 233
787 661 874
771 612 341
400 572 360
763 301 714
585 645 656
132 723 329
309 4 251
994 360 162
685 168 849
971 102 681
926 174 933
334 321 551
811 790 101
344 782 566
26 219 108
287 353 402
480 841 858
96 735 816
84 228 910
835 669 38
843 892 343
496 608 866
884 991 538
703 878 915
941 353 961
388 643 190
126 817 548
783 441 768
556 657 540
52 849 917
323 762 189
347 133 898
614 654 765
299 883 -6
633 778 74
167 816 859
650 991 430
210 649 293
816 822 127
897 526 -50
959 609 126
909 852 45
48 715 655
832 733 576
687 326 147
181 635 197
137 25 125
312 833 952
846 539 379
258 638 464
464 116 541
968 432 386
488 665 363
708 959 347
151 57 933
815 553 324
142 606 -50
970 540 24
19 194 -94
654 647 -75
359 796 116
37 477 721
578 496 565
775 835 776
205 270 126
75 137 933
748 592 861
228 883 711
535 204 530
718 430 10
513 14 567
330 533 30
558 499 980
551 32 74
821 790 947
357 28 182
403 5 808
261 193 905
691 504 735
167 168 278
925 627 620
642 961 195
320 585 470
722 266 467
390 823 520
267 648 365
89 202 752
769 229 819
945 733 947
727 912 185
304 173 386
992 32 666
210 453 669
787 889 922
75 680 -43
398 110 457
535 840 93
175 529 135
690 685 565
36 597 350
660 465 10
216 217 90
163 634 954
719 154 -25
100 265 243
910 275 628
792 811 276
752 204 50
983 70 406
265 188 103
570 560 811
762 192 31
199 838 100
691 480 871
961 607 398
377 123 984
415 371 124
25 464 364
454 160 542
645 567 671
197 488 309
812 817 50
287 517 697
847 567 55
545 261 206
599 167 997
204 618 127
487 199 981
459 797 955
134 827 990
213 49 30
423 733 238
528 946 183
29 699 652
694 42 45
913 100 840
468 767 620
705 668 998
630 185 573
62 484 405
935 451 -61
948 481 550
255 58 707
235 751 219
916 342 568
458 787 851
474 65 399
922 581 353
899 498 577
45 166 810
816 434 345
713 172 745
467 638 41
244 290 416
327 183 842
862 269 32
272 659 361
693 458 775
937 477 934
37 768 916
79 116 461
550 347 345
647 556 786
651 611 531
63 518 141
663 899 75
49 151 799
539 624 274
550 702 85
961 285 266
983 589 725
172 191 272
164 540 -53
851 119 6
837 503 631
4 707 936
668 744 128
977 272 888
680 605 167
975 177 628
137 125 415
465 597 490
388 640 869
161 247 763
566 292 -89
505 119 233
204 267 81
777 378 749
360 78 657
33 565 224
495 782 990
124 882 808
449 120 707
450 277 282
461 981 571
325 973 274
987 704 -93
824 544 323
352 849 334
167 723 722
156 465 477
774 642 986
930 395 478
461 505 705
798 130 668
205 878 344
723 996 452
369 305 223
634 480 285
180 931 20
293 843 877
146 53 941
19 817 316
764 849 764
78 573 -8
369 77 733
655 977 955
10 481 -92
321 226 1000
857 407 776
615 493 798
314 55 9
271 624 114
985 251 86
429 508 534
171 147 479
333 785 244
631 850 990
478 667 915
133 456 14
551 656 912
468 202 847
718 194 648
860 411 836
784 252 518
229 962 206
501 452 696
529 899 197
122 910 734
165 941 568
96 186 258
239 424 840
933 155 932
405 804 -50
703 127 976
632 987 89
548 317 108
120 517 722
628 559 307
167 186 938
66 598 311
103 589 697
9 336 739
868 845 703
372 864 644
647 984 400
823 405 -13
108 398 73
148 940 530
509 526 685
77 478 141
133 783 201
206 585 444
667 761 101
560 516 338
290 505 769
647 380 -33
255 558 687
51 874 368
858 925 693
473 559 847
88 807 -16
615 43 543
116 289 99
664 87 465
739 251 842
758 740 809
843 991 494
114 776 541
994 641 -23
699 518 292
602 306 756
692 241 978
513 83 646
454 898 -6
670 291 433
973 760 793
691 647 -55
405 369 -57
445 272 205
144 678 829
250 845 807
614 876 934
28 694 967
614 844 531
16 912 645
288 299 98
24 474 981
510 111 497
771 287 891
857 252 155
969 543 546
882 712 -92
71 162 130
40 501 60
613 755 26
500 545 271
248 23 336
590 93 385
676 93 -3
209 388 726
151 718 11
499 963 477
699 646 760
791 363 236
747 680 791
944 811 120
874 892 473
904 6 78
649 995 349
58 401 575
315 224 242
494 272 811
825 832 189
97 825 642
819 751 568
170 177 470
39 430 436
304 830 136
788 175 378
463 939 718
194 116 772
938 624 835
850 257 289
698 713 118
997 287 638
221 302 856
644 822 245
583 657 847
728 775 112
591 316 682
254 140 136
139 452 -44
885 941 919
963 974 237
808 832 824
59 300 248
34 286 -47
544 927 142
855 989 706
547 897 493
129 415 451
870 689 904
279 309 698
321 409 390
867 329 154
327 413 325
789 575 472
893 116 -12
735 610 329
954 860 888
81 932 -58
483 769 301
421 896 271
652 48 239
364 74 14
280 163 549
566 962 464
184 402 599
472 438 706
939 439 411
738 257 792
78 83 844
338 359 921
138 654 87
465 577 352
784 33 -37
657 449 914
824 40 641
762 732 685
463 360 944
416 588 998
42 51 18
664 548 121
758 649 -37
448 589 331
394 403 191
804 214 469
744 727 983
37 82 406
964 611 103
375 831 376
869 373 -44
970 810 -2
135 359 -75
174 100 793
658 727 711
212 230 179
309 885 122
264 625 148
667 483 951
840 345 -21
423 66 919
37 859 910
597 908 95
385 916 422
990 569 14
191 195 6
250 476 730
62 617 960
299 280 37
895 816 71
767 105 862
707 852 442
219 689 337
405 111 299
261 112 256
428 600 952
107 388 835
368 432 427
122 371 896
442 959 705
857 883 938
497 92 167
534 192 814
292 984 263
557 762 241
230 762 240
491 499 939
973 698 46
693 458 172
116 181 979
779 154 697
475 302 607
146 409 968
88 326 984
50 501 954
499 464 928
193 983 684
701 221 431
677 242 929
194 532 198
950 483 960
380 442 596
849 771 1
207 559 -90
532 28 -58
726 531 309
49 756 920
165 705 402
806 616 724
499 510 349
778 320 379
985 348 31
869 678 69
614 608 347
985 321 571
728 191 649
865 129 548
184 938 625
60 609 970
905 135 556
526 388 -70
272 600 649
296 699 386
251 830 318
879 617 285
172 145 -21
540 728 800
341 935 941
879 251 440
24 948 391
539 927 694
872 686 683
50 600 928
981 490 383
697 89 936
411 602 589
979 405 850
316 143 620
589 651 408
451 707 730
955 727 437
46 11 815
248 838 182
205 257 52
429 723 562
987 364 384
682 38 352
60 885 127
775 38 -6
240 705 294
841 240 585
386 824 221
789 392 935
646 385 427
826 726 300
370 138 3
998 696 593
197 814 -10
32 871 76
343 23 721
368 140 211
665 185 735
517 462 967
128 795 260
607 466 356
838 822 244
333 368 910
749 579 774
976 797 180
911 337 -99
631 26 537
192 748 -94
186 0 -31
9 495 797
436 759 42
479 55 783
757 908 947
68 513 167
790 935 -69
197 705 372
114 406 395
257 345 54
330 63 391
95 216 -89
436 921 577
132 775 339
8 916 -41
413 367 512
319 683 141
737 173 640
458 576 577
895 118 390
917 216 270
963 940 887
903 879 242
460 233 947
909 302 925
218 149 651
347 581 994
869 591 247
749 618 777
248 898 -66
159 389 110
984 995 509
560 953 62
259 153 68
632 550 -25
516 382 693
524 451 433
382 385 563
188 559 -7
304 643 889
689 763 830
284 524 999
444 643 483
219 656 827
421 774 164
485 827 518
692 229 735
898 525 204
305 903 10
176 386 778
321 592 798
185 318 305
253 973 904
47 85 853
429 477 950
582 513 537
636 218 179
994 973 39
176 655 935
988 714 858
556 846 497
916 443 226
140 733 234
442 62 860
99 667 174
817 566 881
249 858 389
495 170 -47
223 633 868
190 197 987
543 811 916
922 891 313
10 598 -70
50 602 149
635 871 702
695 517 95
183 990 859
38 853 526
788 844 285
305 351 320
223 56 102
416 774 883
252 782 133
510 966 435
966 84 921
143 328 62
699 754 266
59 27 183
586 451 32
89 836 119
511 874 963
764 543 334
915 164 989
905 91 453
385 691 786
557 596 387
168 877 514
464 772 -30
816 598 886
333 972 5
810 508 507
85 181 86
643 162 35
840 192 144
962 893 -36
393 548 862
112 355 454
608 240 546
521 189 725
298 780 -59
850 842 764
403 723 979
807 96 79
918 863 182
897 943 444
150 568 427
680 663 676
510 675 800
932 464 516
199 465 6
410 425 466
368 677 531
365 665 42
452 259 844
807 322 584
123 326 144
568 969 699
31 262 63
668 766 957
518 372 116
380 936 507
867 357 597
78 918 183
584 327 900
62 724 -47
527 42 -84
899 63 -6
660 727 428
850 121 22
776 812 -63
532 656 506
150 700 869
370 110 29
957 570 -61
536 80 190
384 614 324
261 614 290
0 452 610
817 335 220
721 946 605
658 33 327
756 56 499
537 601 346
370 504 181
110 666 343
835 42 35
622 303 -48
26 881 587
942 542 -87
881 140 765
955 783 825
729 406 992
668 135 398
982 962 475
657 737 -10
120 128 88
145 925 954
50 724 32
463 581 423
274 83 612
471 243 304
442 350 98
626 582 988
501 639 821
910 848 529
785 611 646
244 909 552
530 137 126
730 333 482
634 862 -26
590 650 500
978 509 145
114 515 265
995 372 545
667 20 930
993 599 484
210 845 503
936 168 813
704 340 531
108 154 576
886 735 954
124 430 885
801 533 813
220 578 851
579 608 674
727 485 -18
287 487 -53
644 825 813
673 798 -53
326 602 438
938 736 51
484 910 -79
547 884 30
532 269 725
645 321 374
602 218 134
996 425 529
632 600 671
279 305 680
209 392 185
164 963 -94
825 755 384
447 289 736
458 106 33
442 627 880
518 402 979
568 647 1000
812 983 188
318 790 389
945 556 188
990 87 837
272 471 638
109 285 -30
823 489 895
793 441 534
804 906 -7
156 7 734
948 333 167
536 881 428
582 580 144
313 775 926
391 327 773
575 687 988
332 23 827
706 168 303
709 449 -15
339 546 777
180 456 910
26 850 251
46 652 998
758 215 639
688 79 527
519 628 319
599 374 958
692 74 473
932 126 298
912 273 105
421 325 22
697 463 12
903 166 311
427 233 534
212 103 60
707 524 967
632 448 507
726 525 495
49 184 -10
909 910 -30
348 567 842
800 994 166
477 501 318
825 223 775
558 127 422
450 872 673
515 899 670
22 411 723
60 218 439
393 342 113
439 904 212
25 20 612
533 718 946
37 515 675
788 895 708
121 11 80
219 904 539
521 37 132
46 87 192
881 883 283
765 239 919
490 548 -7
292 968 876
539 366 883
389 480 897
138 725 835
593 712 692
530 170 243
808 291 127
917 888 -54
926 55 93
144 51 318
84 970 746
796 829 999
81 854 547
508 253 930
519 461 965
605 538 385
335 516 480
24 186 695
306 312 181
214 678 394
426 178 728
283 635 273
498 799 40
987 77 677
650 232 751
665 894 923
837 294 988
57 401 882
134 142 125
292 606 502
641 546 707
881 404 92
120 817 25
183 548 64
954 66 556
649 230 340
496 882 59
541 95 -61
827 717 633
294 732 331
603 749 79
97 750 316
440 575 623
936 179 434
711 693 145
467 500 508
337 371 911
263 441 292
31 914 646
585 489 981
121 264 660
924 381 601
642 950 982
962 770 119
659 924 822
389 686 41
190 632 481
805 787 926
884 103 73
73 167 202
730 492 110
180 380 631
807 14 816
510 255 457
470 710 332
979 794 661
2 320 242
778 414 931
241 737 790
316 493 96
243 472 34
327 888 279
216 788 310
483 425 253
501 265 1
652 922 37
586 304 450
908 140 4
575 301 85
652 222 216
182 649 473
544 72 327
381 742 823
124 125 -56
807 553 871
637 875 13
680 429 -27
949 337 262
528 308 484
980 522 98
537 898 721
196 173 341
519 773 -68
490 817 845
570 691 422
363 67 236
901 785 309
871 431 682
562 366 173
576 862 111
167 341 210
61 837 939
511 995 -81
957 283 988
252 35 465
701 357 579
701 416 754
535 345 868
833 181 735
138 40 750
934 633 779
973 518 390
305 558 928
355 303 274
74 549 274
170 713 893
622 64 -36
877 101 919
289 637 148
454 139 863
694 573 474
208 151 873
370 315 52
955 917 73
601 9 855
480 492 -1
36 676 616
650 235 78
902 806 136
101 217 218
360 802 574
275 598 -74
976 734 451
805 960 375
653 57 462
162 484 721
907 321 627
103 544 993
970 714 538
505 462 410
398 697 691
779 183 234
824 120 87
554 742 527
589 863 769
537 890 728
391 225 36
786 879 206
932 256 221
153 72 697
872 358 56
18 961 594
503 174 -34
426 587 613
993 373 741
126 942 542
107 96 160
309 384 576
853 664 253
293 318 293
466 120 567
459 280 420
524 79 237
400 235 516
267 157 54
714 979 836
844 168 523
559 269 134
429 260 642
869 837 -42
623 438 -65
125 447 141
266 622 150
954 447 523
415 508 854
881 633 320
649 174 15
460 765 56
732 412 532
884 417 730
241 190 757
805 446 790
775 538 654
94 685 522
368 955 890
783 506 825
144 174 350
6 534 143
912 259 881
972 822 654
975 888 936
824 341 644
880 681 244
736 519 259
737 989 -54
64 82 106
756 510 526
860 396 669
533 10 921
240 213 174
453 798 713
712 231 128
956 831 206
181 475 120
134 705 487
481 579 606
905 797 542
455 724 -28
969 300 455
736 437 18
476 719 908
155 452 597
946 47 452
514 703 838
116 783 675
452 564 -41
801 731 149
621 338 658
111 66 -23
893 363 527
809 107 625
962 802 303
366 459 967
857 348 616
989 954 571
571 772 652
325 68 538
939 813 604
97 443 147
282 272 697
54 370 214
55 586 845
300 415 420
523 314 900
965 842 310
41 795 608
558 693 612
982 121 294
816 405 595
599 887 896
760 436 377
939 650 227
827 664 -70
798 540 26
531 413 982
815 556 227
945 245 941
307 647 135
240 498 292
782 943 84
665 771 426
612 387 739
232 505 22
362 718 154
475 291 -7
408 85 456
250 653 -95
288 41 457
779 349 370
892 127 57
134 801 762
589 713 604
822 689 61
836 22 266
66 901 710
811 125 657
28 768 14
119 814 554
955 320 -85
353 369 64
375 171 783
523 354 924
779 573 810
672 638 769
551 918 298
690 616 312
88 18 893
109 20 93
596 104 476
297 487 107
261 452 886
110 327 43
129 238 377
658 447 -46
852 216 147
703 745 458
848 439 -81
93 668 63
583 725 570
959 944 -48
125 646 106
656 758 -10
226 454 306
332 96 778
964 192 935
180 151 53
712 975 823
357 828 718
969 173 210
87 274 -100
833 1 782
443 519 836
720 932 20
661 956 -80
736 917 70
320 278 -14
336 889 800
773 54 126
500 130 988
381 130 55
559 723 825
640 381 969
679 729 845
280 975 450
512 200 573
542 322 874
864 914 228
488 350 -96
13 498 887
169 922 201
509 2 56
765 66 -2
741 612 782
70 482 148
47 729 224
12 64 168
795 56 684
655 975 321
673 497 -57
5 166 374
188 616 232
486 681 666
3 839 378
767 533 912
112 547 580
942 980 78
701 68 297
462 266 422
771 654 -74
969 906 470
386 914 78
871 144 472
722 190 678
994 385 93
579 650 605
991 201 62
662 454 137
951 190 -3
817 397 816
956 33 195
12 3 787
656 395 478
819 981 174
862 315 409
668 76 925
960 310 262
590 101 -83
553 469 393
162 639 493
559 292 -76
770 105 723
380 284 282
485 301 289
545 432 88
842 488 92
724 857 853
106 183 621
252 29 606
715 588 -37
95 760 375
935 781 422
323 670 438
39 987 438
628 167 181
816 587 504
808 568 999
989 387 380
174 210 287
319 337 983
578 712 251
724 795 380
249 550 10
398 666 -51
596 334 108
606 155 596
396 215 171
532 129 447
83 322 482
81 159 360
777 126 996
171 768 33
91 665 39
523 753 131
379 758 735
988 828 914
899 717 989
507 795 528
369 233 468
796 552 532
68 210 582
474 354 15
636 538 302
927 332 161
249 462 -91
292 406 634
108 52 183
79 518 342
270 460 744
708 379 568
155 64 -24
597 953 727
709 526 812
543 676 144
962 745 694
638 454 721
900 716 792
712 278 591
105 878 852
175 598 853
512 850 897
327 685 273
791 233 855
741 779 621
683 992 816
579 929 868
56 845 712
535 486 179
465 139 192
129 446 899
283 424 945
294 304 834
115 672 599
468 458 43
717 634 71
293 779 986
361 863 27
674 246 341
816 581 929
894 352 551
549 213 691
987 765 208
751 143 826
435 919 630
478 188 496
929 306 740
679 695 247
186 257 979
580 746 660
255 935 584
205 372 768
930 9 538
66 912 -64
558 487 51
911 486 846
860 90 953
236 85 634
74 4 312
570 758 146
772 209 548
991 353 251
65 642 305
700 916 -46
109 382 63
494 9 9
8 590 168
579 241 887
714 22 147
643 939 293
542 704 404
218 696 587
76 772 270
4 709 361
584 384 369
788 843 768
591 520 81
700 714 993
187 563 724
483 985 713
353 980 189
783 955 475
289 887 820
429 763 13
565 406 558
457 345 447
109 569 113
977 446 441
982 555 191
758 137 738
923 184 168
259 959 606
771 89 964
888 367 54
557 956 855
570 49 -62
709 515 -28
272 326 926
789 336 842
933 531 527
183 343 669
254 736 867
790 244 818
413 50 -28
766 474 619
208 867 558
974 825 496
490 117 998
956 817 -100
571 631 699
645 773 4
979 770 431
575 196 -9
951 992 113
847 443 458
866 4 255
69 458 130
939 525 263
819 55 913
917 382 764
579 173 562
122 475 925
23 859 859
247 159 -59
946 610 338
150 424 131
609 894 307
817 913 64
264 510 829
858 28 655
0 787 675
949 926 549
785 584 93
659 318 112
223 125 607
967 13 205
286 88 343
806 810 374
629 79 960
260 989 149
454 972 210
399 211 235
191 210 163
203 665 24
151 687 426
157 255 466
188 638 422
33 390 894
370 646 874
837 316 83
318 930 604
585 658 926
707 370 937
789 649 311
731 948 673
115 75 -66
504 681 593
785 978 787
634 417 441
750 249 563
644 479 290
966 221 39
877 83 782
853 401 629
252 308 360
237 300 525
650 231 -77
92 308 693
311 291 232
542 166 257
483 213 872
932 805 307
833 919 870
796 132 500
772 800 -10
952 375 622
686 206 529
239 780 107
384 965 92
602 948 -1
511 136 679
422 659 -31
529 22 326
3 229 158
601 780 608
61 7 255
723 223 937
93 273 812
130 609 -37
421 769 -15
577 77 71
457 595 42
746 956 949
762 60 788
291 4 680
906 737 371
941 780 976
449 54 113
501 830 389
444 758 733
502 421 911
255 38 581
276 168 688
483 25 815
99 733 871
721 219 262
481 804 430
466 957 104
589 203 432
167 855 981
949 594 483
613 375 876
704 815 -35
418 878 417
789 400 734
732 596 900
934 669 293
69 413 936
995 104 -63
556 717 708
541 528 -63
520 310 209
901 242 173
266 517 180
849 65 845
535 601 605
190 242 128
245 171 66
421 828 371
308 59 444
805 613 40
601 975 177
101 9 864
33 514 -75
901 487 504
644 948 800
848 777 183
72 798 330
215 167 872
493 45 925
48 419 324
724 374 133
850 552 465
63 696 491
209 565 316
961 974 67
708 925 538
276 222 625
118 996 678
583 804 877
198 979 33
721 128 848
725 981 299
904 888 508
390 471 517
504 535 589
352 284 573
926 715 130
278 684 935
669 937 -5
679 857 311
191 795 893
766 183 441
9 875 421
323 516 79
460 466 430
870 293 12
325 79 113
713 641 -69
663 781 385
571 539 412
217 126 22
394 686 -69
222 199 -52
421 483 245
26 486 897
407 26 29
592 344 96
456 595 195
341 209 -97
413 408 484
34 265 356
854 635 362
527 446 782
923 602 770
134 513 940
140 700 564
398 370 620
843 82 304
286 943 -33
865 504 -10
799 425 849
589 835 99
442 71 263
827 465 258
900 290 179
488 137 -23
249 479 -48
724 78 416
641 899 758
585 747 568
623 577 158
690 98 765
426 942 280
194 274 212
107 193 589
707 277 86
229 613 895
787 833 -24
393 521 193
475 136 657
175 292 334
185 79 538
38 527 371
960 620 352
180 581 373
919 997 814
830 167 142
516 500 865
634 410 259
284 952 844
658 883 755
893 522 32
147 875 656
39 442 466
283 254 -25
34 730 875
496 576 523
900 176 426
439 696 13
111 298 364
832 668 459
267 475 -28
241 632 691
755 970 429
556 550 974
335 386 414
