1000 4000
205 419 988
819 846 691
693 384 541
250 286 76
473 368 85
841 294 254
205 308 893
701 953 -96
276 714 30
750 269 933
292 22 154
607 755 491
414 841 195
435 478 803
992 503 331
531 294 700
812 945 942
534 826 526
334 856 874
586 526 493
785 915 941
820 4 25
870 75 607
825 332 -37
437 643 127
285 959 663
628 732 583
670 749 534
922 797 800
453 670 329
188 205 -53
915 96 109
791 881 823
559 704 212
148 399 232
209 627 -97
992 125 958
249 297 245
864 565 380
955 416 876
940 805 562
480 381 298
417 636 -47
117 345 69
546 649 234
233 567 304
998 759 112
221 946 432
958 914 512
332 984 177
573 141 1000
250 709 35
220 832 667
162 435 364
909 417 256
911 880 559
738 282 91
292 838 852
130 314 546
733 120 482
495 262 -99
175 904 134
972 308 -77
765 447 34
872 401 501
426 845 -27
600 877 205
37 312 776
577 292 763
608 308 665
687 231 -53
146 48 897
493 298 874
366 245 991
463 600 91
306 192 -82
254 88 331
429 783 430
350 544 -37
218 692 418
291 828 564
995 454 499
512 313 7
721 275 283
370 53 545
95 965 754
317 223 783
13 379 83
333 699 350
965 204 500
472 996 391
417 329 417
269 868 215
269 866 -84
634 673 215
262 866 358
343 239 267
791 559 709
877 650 -16
326 434 568
90 63 313
414 528 474
540 453 876
647 736 559
960 212 873
814 404 498
487 322 781
30 461 85
342 983 871
86 406 557
953 547 590
443 383 952
989 62 84
971 831 -43
148 512 960
202 157 868
37 189 130
577 339 168
494 756 875
801 722 203
667 921 110
733 802 491
743 236 809
377 886 -86
678 721 760
171 693 978
991 671 602
345 372 77
978 859 209
293 399 -37
848 888 710
340 352 106
63 630 232
627 234 510
312 661 474
542 292 441
281 329 490
185 208 795
358 503 959
422 101 233
516 413 612
156 357 589
485 103 921
335 656 387
35 375 111
940 584 389
431 391 335
557 465 121
480 449 403
795 988 247
568 857 46
656 17 -96
847 261 756
205 142 717
887 227 -48
498 0 817
644 395 683
583 752 407
437 340 504
678 625 43
36 490 133
666 377 604
454 783 558
888 413 705
82 290 717
131 77 -65
930 474 352
843 122 896
913 518 50
388 715 16
892 242 -76
10 562 272
298 468 32
330 159 252
666 497 643
853 456 263
447 357 536
169 911 211
623 936 929
921 505 222
47 118 529
908 94 42
725 502 515
353 347 3
418 326 150
900 476 -15
151 66 124
152 334 22
126 697 436
294 703 154
297 574 159
615 199 396
226 676 885
20 207 822
875 921 206
822 900 553
704 469 836
687 807 903
778 59 -74
35 669 -95
96 158 211
399 438 -14
654 994 -90
700 805 415
659 292 34
728 857 324
160 260 -29
742 249 396
168 401 760
806 858 -53
656 564 638
586 652 391
771 750 348
306 791 174
359 20 567
848 298 139
538 507 236
278 772 70
549 529 847
562 815 75
165 861 441
972 916 153
798 336 306
881 629 265
374 407 225
968 379 761
295 804 591
152 27 369
260 928 210
829 415 582
640 595 358
229 825 487
998 31 497
141 8 644
328 935 -35
85 716 275
831 363 -83
59 302 308
128 685 271
899 768 818
790 833 47
189 519 506
498 962 106
452 426 89
147 280 955
547 898 965
708 991 587
170 566 646
810 351 645
862 160 548
102 67 435
57 522 411
698 83 299
745 800 166
927 632 337
999 610 854
767 673 358
839 453 665
790 899 170
900 879 942
853 532 983
501 854 870
18 645 913
672 352 75
772 226 205
301 759 660
540 121 372
255 953 798
193 245 699
369 836 337
12 887 408
372 693 -94
264 513 719
315 99 936
749 349 560
810 45 828
454 352 505
472 398 550
53 467 992
417 155 338
822 895 108
476 831 860
90 285 -2
935 621 485
344 584 672
8 76 878
870 878 30
942 498 35
822 720 850
44 43 365
311 483 638
292 133 547
751 75 507
42 123 124
266 851 313
543 328 730
986 512 654
215 195 479
469 229 800
382 182 -37
89 70 387
946 298 679
944 201 929
315 87 -99
376 555 123
84 771 462
943 316 467
344 233 195
396 70 506
142 243 637
299 449 452
899 650 404
793 31 386
780 312 689
557 561 1
848 702 -32
892 429 589
821 877 942
435 567 171
563 487 0
823 933 461
330 997 135
367 53 385
168 312 624
169 615 817
687 47 208
243 480 575
434 730 197
822 564 347
779 973 223
642 226 507
21 279 885
731 210 453
0 322 731
579 219 720
380 525 740
904 933 313
768 151 683
782 607 255
488 323 814
922 750 450
324 166 880
701 296 677
99 219 511
705 206 41
920 636 282
565 829 540
840 519 329
290 609 519
233 135 503
976 697 417
928 341 548
84 184 631
688 545 889
351 58 104
562 481 -25
400 334 -71
832 283 66
315 490 531
691 496 224
416 711 414
868 682 239
79 596 590
864 176 288
568 349 697
330 294 957
180 373 230
229 76 224
901 139 729
623 767 23
453 494 464
146 274 556
923 268 882
512 110 -57
35 530 120
130 497 125
13 758 274
3 328 306
166 900 144
616 605 505
433 856 90
201 747 791
795 874 208
846 909 952
572 210 439
539 624 173
117 438 444
840 161 526
120 211 -97
698 422 854
698 811 314
143 73 697
317 830 241
110 854 491
800 115 866
913 338 58
302 702 497
595 695 943
661 451 -16
209 306 -6
443 861 876
542 166 94
201 763 316
657 694 844
204 151 862
986 806 365
719 671 183
267 340 134
992 7 334
953 440 775
541 549 753
950 411 946
932 53 425
951 412 166
717 891 744
355 618 29
502 296 730
797 952 164
900 363 -37
16 286 926
745 501 66
827 186 412
576 375 467
674 793 -63
912 972 473
344 259 736
576 871 477
588 18 468
967 473 948
287 624 659
0 48 345
50 618 230
589 395 321
166 757 -47
129 163 377
125 566 151
1 643 521
891 995 903
193 779 350
839 681 904
96 919 760
946 334 756
664 598 63
760 266 992
664 389 934
893 315 467
925 782 843
683 981 -34
658 770 -59
565 554 106
895 873 162
766 467 696
270 161 968
278 193 115
285 827 938
362 836 489
222 937 -39
202 741 904
266 153 523
685 292 970
821 146 878
822 785 332
93 952 656
737 271 147
805 12 797
573 22 906
865 34 48
91 165 278
633 599 865
339 838 252
469 850 83
79 269 578
26 482 675
59 247 294
781 702 872
480 585 -63
646 957 152
116 933 107
192 450 708
88 838 90
118 661 101
380 519 -32
200 305 436
413 817 237
70 371 727
959 33 869
415 146 780
98 280 940
807 322 933
28 768 72
30 229 715
899 36 930
901 450 75
357 247 213
749 372 653
244 533 -14
137 141 512
480 457 497
176 113 917
341 194 340
799 35 584
837 130 901
280 553 732
557 648 326
953 58 105
675 406 938
457 562 486
157 867 55
419 279 889
342 375 780
313 13 665
113 287 6
217 894 982
163 442 533
318 366 427
436 283 415
539 324 952
972 557 584
708 166 769
503 278 18
543 171 145
62 221 19
963 174 562
503 990 961
11 265 314
915 931 835
245 945 52
785 571 352
737 659 959
786 884 388
855 693 568
327 759 528
757 466 804
114 439 720
926 901 -80
495 538 409
211 354 116
67 127 353
722 906 191
352 158 792
735 750 541
187 910 373
456 759 187
358 243 521
123 943 579
519 816 379
546 166 208
883 787 113
429 542 552
529 972 964
411 494 491
856 389 741
451 441 307
99 283 219
805 659 -75
469 164 50
524 142 815
28 195 216
564 657 232
280 41 859
506 405 669
725 388 889
381 701 180
40 232 152
323 188 -16
578 937 708
204 29 884
835 961 -9
931 820 306
301 83 508
119 717 561
29 584 886
226 331 859
981 151 516
718 461 40
823 950 -51
698 555 904
599 136 874
174 803 992
139 456 594
400 519 91
946 766 -45
139 454 -59
41 29 38
797 115 342
109 959 15
605 323 52
646 918 498
201 632 70
969 157 717
949 922 416
105 33 888
173 401 459
976 862 36
904 433 -10
345 928 851
693 678 338
621 360 543
252 92 663
559 972 621
30 560 76
606 545 420
912 700 24
428 868 981
366 544 628
334 214 276
366 95 -98
599 187 325
931 776 662
837 428 269
440 380 421
25 939 -61
901 540 -65
199 322 192
997 815 137
553 479 803
741 818 975
655 586 565
668 816 396
847 534 756
133 54 -8
193 113 180
176 684 717
573 393 655
742 273 -39
944 149 923
61 748 720
139 243 100
682 993 404
753 576 7
898 395 501
197 902 482
164 582 348
147 197 50
908 859 237
935 248 566
839 724 228
310 445 160
530 967 889
4 888 193
765 412 576
267 893 454
490 522 -60
212 450 491
122 614 90
387 900 334
972 858 359
197 863 907
615 602 916
272 477 512
544 563 471
417 909 47
566 689 987
209 571 151
946 221 752
444 595 94
722 693 528
459 994 248
71 640 -31
679 899 79
910 977 649
4 135 775
335 631 431
827 519 836
143 619 706
850 57 -62
923 779 900
764 129 443
873 220 429
482 627 573
542 442 895
259 91 298
607 674 342
865 92 304
351 321 358
526 317 722
819 337 19
632 522 838
684 908 272
652 228 32
348 383 548
831 72 547
587 89 23
274 953 555
794 146 203
82 871 124
269 976 833
601 247 373
813 333 305
278 820 519
217 163 851
587 361 844
640 901 0
949 563 668
887 333 215
678 251 476
918 116 326
221 301 429
262 911 -6
132 262 456
418 52 720
70 956 521
499 629 548
667 176 816
414 318 308
512 713 435
30 251 -92
650 129 769
900 945 923
835 250 918
999 113 120
93 664 471
67 723 -25
348 652 753
600 551 195
25 93 185
584 328 701
869 211 873
169 709 850
171 534 275
888 667 -87
538 597 753
503 361 38
689 44 636
270 279 576
987 739 623
917 226 554
464 803 434
106 141 -35
648 181 299
666 184 966
974 413 568
328 417 554
502 921 804
389 49 295
268 865 649
966 761 41
514 85 647
512 202 -34
393 331 475
42 593 3
986 12 -87
642 794 983
190 48 277
870 897 996
308 972 589
422 10 596
867 894 341
435 185 -47
437 988 489
454 988 569
402 272 423
868 258 460
37 48 765
310 835 -81
789 422 605
34 806 145
354 436 772
569 247 313
754 242 40
760 766 262
18 349 781
19 24 421
533 73 17
160 50 652
380 663 523
645 221 314
575 809 -47
462 277 833
239 201 888
764 126 3
708 372 895
590 719 885
422 545 107
160 608 -25
633 989 519
495 204 196
754 359 364
439 665 63
336 233 -70
784 441 739
312 89 742
757 376 849
359 490 -85
57 994 94
595 339 34
518 981 212
711 45 -98
608 105 83
621 18 394
611 568 747
645 288 759
849 730 335
456 293 105
907 885 550
623 407 573
654 100 598
172 876 173
41 922 -86
314 120 611
677 371 970
338 212 808
245 922 105
919 67 243
9 816 769
430 889 477
491 101 669
69 121 356
621 646 964
3 110 587
373 558 292
981 895 616
63 911 922
597 419 788
847 943 507
948 349 798
477 158 976
852 983 821
104 868 151
310 152 551
62 425 160
674 998 503
370 846 437
846 754 822
779 295 39
569 351 621
60 416 -9
634 712 446
167 831 752
654 57 344
605 293 630
278 166 915
946 20 296
460 341 344
833 600 165
465 70 99
817 717 489
655 252 73
755 610 328
766 643 23
691 431 602
662 183 593
412 959 260
519 881 435
39 310 -22
419 724 814
483 533 430
306 676 47
298 302 44
885 609 -47
618 295 789
277 305 383
470 832 948
979 704 848
30 806 319
247 967 576
873 265 682
441 911 734
668 992 -65
719 189 236
627 210 393
109 444 757
536 691 401
384 160 8
619 802 7
701 661 -33
871 637 356
483 263 928
99 592 596
180 208 878
29 270 111
359 772 682
949 381 275
966 192 877
749 449 236
107 593 503
906 912 361
104 157 111
542 708 174
395 820 46
13 253 513
688 984 620
1 593 573
936 942 673
617 298 324
959 943 120
681 760 -53
368 191 904
836 458 836
360 432 798
233 571 101
764 323 360
587 140 436
402 725 548
771 934 65
767 508 747
136 239 307
359 348 500
212 893 710
407 937 625
98 407 -16
709 689 824
914 499 680
339 717 313
283 346 234
43 471 875
561 283 185
378 395 518
427 805 185
175 383 597
505 529 911
996 933 468
302 133 298
368 68 669
137 24 265
150 470 693
432 752 35
623 240 914
162 429 756
39 888 -16
902 120 330
814 230 640
746 280 420
679 708 250
741 177 473
966 596 569
611 349 -16
494 492 842
871 539 183
278 300 330
402 449 698
457 411 355
462 411 827
583 803 828
26 529 342
794 122 -99
275 779 924
360 471 91
180 144 551
707 839 481
904 531 251
493 872 164
820 660 463
415 739 862
85 484 557
864 16 573
587 435 862
108 493 -23
529 574 145
444 865 833
59 594 477
24 987 722
963 741 957
144 12 20
242 245 408
722 228 747
317 967 298
517 637 868
371 234 426
399 516 501
878 481 619
826 989 523
788 972 459
873 660 850
83 73 171
32 241 488
615 160 515
31 43 498
680 17 -25
126 477 788
373 585 381
363 664 -69
778 209 808
843 364 -16
35 209 759
557 65 774
963 203 375
437 621 967
86 344 834
857 719 -32
882 259 -46
334 449 977
159 471 806
715 25 775
166 798 672
644 312 285
234 160 208
539 645 78
789 79 606
170 382 -42
343 174 969
148 685 416
932 5 292
519 707 986
942 201 25
104 723 228
553 850 323
868 420 74
846 708 270
214 227 85
951 282 313
12 144 848
118 854 -65
412 281 648
112 749 326
543 18 885
718 751 609
95 735 430
65 844 -39
734 281 281
706 680 205
286 904 517
339 478 161
876 689 289
55 539 486
849 648 891
443 343 233
217 201 295
447 225 311
421 405 960
847 823 963
65 443 385
476 806 516
808 74 -92
314 615 39
202 628 523
469 781 835
970 752 -17
890 619 548
839 946 386
110 559 -70
162 324 869
591 120 22
913 107 554
844 234 993
664 80 552
519 635 725
819 46 393
125 490 262
970 850 950
835 47 278
688 864 1000
790 209 217
61 798 709
939 296 873
570 15 705
954 148 591
931 687 579
674 225 325
215 935 515
15 318 629
744 522 656
3 256 121
534 380 391
696 764 102
619 259 314
571 432 160
539 610 577
478 589 -69
874 748 170
167 707 -2
110 151 169
113 892 148
94 739 575
647 908 294
574 299 697
25 93 157
449 71 599
824 451 277
719 713 878
807 816 729
146 409 702
50 394 209
569 515 -57
445 757 420
988 585 24
93 666 118
212 20 259
270 303 472
552 728 40
872 385 737
971 490 74
869 733 437
860 751 748
718 709 855
694 989 586
419 856 491
481 919 497
233 574 -97
358 368 852
717 696 767
824 110 146
698 695 558
365 394 954
777 63 414
283 482 636
80 444 584
818 572 923
405 81 -66
660 847 750
674 449 846
734 553 -56
704 397 308
552 692 269
438 355 475
567 926 482
271 595 496
356 32 383
151 919 121
212 485 379
139 274 403
427 912 44
77 110 458
253 595 246
793 88 -52
442 956 437
440 138 975
766 591 741
770 699 664
277 67 142
158 155 243
923 451 508
50 651 -82
768 499 662
379 396 519
503 41 681
884 517 434
227 24 337
517 671 718
731 701 852
338 752 492
146 139 856
159 571 -45
166 740 427
395 602 -75
43 669 303
333 240 -21
775 80 422
943 247 754
661 716 606
279 539 699
274 298 -18
594 816 528
122 263 402
458 63 183
74 121 249
973 714 674
7 578 490
340 952 219
793 478 566
327 80 935
10 272 303
314 467 -56
534 646 562
177 242 149
422 991 503
139 516 209
561 430 938
229 560 55
247 79 894
967 707 -54
339 951 184
631 741 47
607 275 225
287 228 162
108 697 692
404 866 108
154 957 -43
572 423 624
251 974 -21
392 420 972
729 547 742
870 166 -42
401 487 151
20 317 853
88 543 566
170 235 977
201 753 44
32 628 439
353 439 739
716 101 856
449 500 706
789 365 393
302 122 -97
472 197 664
70 303 451
817 688 538
685 135 834
10 804 332
274 469 603
263 971 -76
755 278 747
81 169 738
154 412 418
362 926 375
429 883 -39
684 973 564
666 485 -95
352 303 260
747 16 997
171 930 361
565 911 518
811 948 943
535 926 556
896 144 742
101 694 293
854 910 343
90 625 794
509 83 525
438 52 89
733 286 669
49 855 857
887 274 596
235 465 681
130 729 709
953 330 683
919 720 978
215 397 922
184 80 87
633 811 648
115 338 587
126 48 245
935 806 404
960 310 728
846 227 633
722 275 631
620 943 151
100 74 404
289 679 222
507 452 174
319 77 523
492 784 810
145 246 891
45 315 721
685 360 476
931 302 934
750 75 -61
768 640 -98
868 1 81
478 810 695
880 151 129
356 840 477
710 40 781
975 646 93
720 80 728
563 755 698
655 949 876
995 223 699
240 40 3
286 142 734
186 904 519
924 202 387
62 50 508
538 503 84
731 165 228
746 499 519
316 768 -2
58 925 134
344 387 -44
904 430 633
887 57 -81
452 814 310
904 475 97
557 124 865
18 64 914
244 982 344
860 510 856
219 176 411
803 559 776
30 847 24
544 639 960
989 767 917
77 588 410
525 52 845
909 32 531
724 345 550
194 886 415
192 589 778
555 286 866
136 944 410
175 962 920
142 898 75
668 406 894
484 631 -11
60 369 747
818 201 113
183 145 36
226 625 342
249 255 511
973 738 682
93 607 324
306 326 164
46 448 490
862 841 683
415 482 117
914 225 321
77 529 186
769 949 524
863 938 435
230 861 302
467 321 788
245 146 322
831 746 674
1 691 429
902 696 -66
971 978 0
672 56 740
426 37 -8
531 344 667
714 194 902
819 116 996
474 944 731
335 355 739
794 88 474
23 139 904
445 986 684
389 529 489
937 384 501
633 303 842
969 249 537
567 312 715
729 620 165
340 404 594
814 636 70
244 753 484
833 449 897
523 790 354
650 928 760
64 105 192
533 146 661
816 656 731
806 905 837
519 225 359
219 206 -35
904 863 -2
711 801 812
844 766 623
873 723 890
543 929 105
376 368 528
807 315 190
974 479 452
920 63 320
988 539 441
757 78 290
670 313 -29
156 509 -73
968 590 919
796 151 994
925 419 -10
779 242 207
695 171 556
338 924 497
819 278 421
948 308 102
18 486 725
775 624 392
900 371 422
33 992 334
639 251 412
341 123 170
680 50 673
769 956 494
582 225 412
47 578 675
353 90 491
718 210 802
137 123 176
383 415 563
272 347 756
298 87 802
632 188 175
336 916 -55
394 525 42
583 317 868
774 943 198
816 241 -12
589 606 639
889 717 361
329 151 786
759 393 876
505 554 292
932 457 586
756 775 112
767 720 623
502 37 215
422 252 384
800 130 654
816 593 485
533 593 466
783 508 -23
748 532 573
253 149 233
957 346 733
411 439 574
586 590 339
674 804 224
563 265 559
11 257 405
910 502 325
944 738 926
964 107 662
357 256 565
667 261 251
728 435 362
362 582 759
774 489 -64
675 579 309
478 441 830
652 310 440
554 521 582
611 781 349
758 679 544
81 410 125
756 682 91
804 518 359
915 638 541
501 700 448
500 733 -2
67 731 254
47 459 35
237 964 900
968 510 409
360 674 -90
46 81 328
12 417 607
129 516 484
353 692 874
431 831 121
682 500 592
716 14 455
557 115 158
252 589 250
296 211 70
282 85 111
93 702 727
941 11 744
181 647 692
438 539 66
201 378 10
440 284 220
24 155 470
778 34 708
406 382 541
745 854 -94
126 530 -81
661 385 52
560 903 -59
652 898 180
795 255 57
295 712 942
447 595 275
969 34 -6
432 127 590
470 768 404
395 951 -14
831 247 721
142 62 125
975 267 762
660 145 463
224 278 301
561 551 913
465 894 900
411 66 341
321 372 931
623 610 218
611 667 520
499 776 436
798 365 525
412 862 284
943 7 59
35 40 -64
245 499 404
574 312 910
67 405 355
623 83 513
644 806 576
359 374 239
562 192 933
556 926 128
156 792 891
879 60 398
612 559 -27
413 532 804
733 484 728
38 494 976
777 253 441
701 980 919
943 120 879
60 422 721
225 856 276
361 963 363
390 574 417
815 144 999
470 947 387
756 905 553
328 746 -29
210 169 163
933 343 747
690 534 138
977 870 -32
253 538 750
998 19 819
10 409 229
374 99 356
141 630 345
653 913 577
220 795 499
20 522 910
425 878 -45
328 410 546
430 997 962
772 741 163
786 91 892
142 662 420
396 337 244
285 995 474
242 770 524
552 913 521
103 611 524
63 727 676
87 91 108
73 500 337
469 50 282
195 974 32
549 318 602
539 905 583
718 195 296
332 469 92
274 332 398
142 535 845
971 504 582
148 745 216
971 264 864
296 854 625
744 716 883
300 648 408
394 819 549
845 726 -52
723 256 856
696 722 864
988 862 553
473 709 5
845 402 889
983 930 870
448 787 238
647 972 840
252 525 753
82 605 755
564 782 846
943 794 438
786 395 341
347 377 45
267 843 66
62 637 197
122 518 43
51 422 -47
312 460 772
329 519 -21
593 776 879
564 919 906
973 403 826
681 635 230
17 624 614
255 227 67
98 825 678
297 575 58
714 320 609
505 365 450
666 904 794
832 506 728
121 552 879
420 51 258
880 767 190
488 605 137
1 523 -31
477 222 169
192 348 949
779 95 206
643 402 992
854 565 491
41 347 936
993 445 611
279 550 -62
219 481 148
563 455 532
972 768 717
4 475 277
345 142 543
397 350 327
538 845 238
310 909 132
900 698 193
433 901 542
714 458 231
109 685 705
570 997 834
101 820 234
694 59 626
863 304 699
356 233 68
890 121 858
733 601 563
665 428 254
309 471 -10
636 671 377
391 54 -74
886 681 364
582 663 659
501 398 859
258 272 176
734 476 220
194 987 182
9 255 973
607 488 522
74 226 669
610 285 555
537 194 875
301 108 68
912 540 40
375 739 244
728 467 -4
917 446 972
99 597 -66
642 840 810
300 534 964
538 176 873
565 489 627
791 767 654
881 710 773
295 781 271
550 155 976
663 768 387
267 437 529
35 582 -6
152 154 187
850 353 802
114 562 158
393 886 911
839 715 515
747 376 632
182 665 635
916 609 210
772 205 786
291 780 163
342 579 292
10 668 91
644 363 626
134 560 -84
564 259 704
643 385 269
263 696 167
752 164 201
3 956 -54
420 678 578
937 326 933
473 482 852
101 844 969
395 625 906
336 821 -92
118 659 993
329 187 9
318 95 340
41 625 941
406 750 524
349 310 14
128 286 809
58 805 77
165 978 598
811 354 -38
449 714 771
663 813 508
692 736 267
139 908 555
500 912 579
474 895 979
384 659 306
661 698 476
972 756 658
884 243 781
539 193 -18
239 109 414
651 858 979
402 732 573
386 233 871
513 626 714
393 745 280
75 614 -12
564 513 636
49 910 -33
109 299 371
55 539 797
916 31 74
94 703 522
806 760 343
361 319 604
70 330 547
248 669 210
5 167 173
616 712 966
636 975 697
416 336 250
808 984 859
711 760 931
151 962 493
226 449 601
753 96 440
458 363 54
618 467 -50
950 705 988
164 542 71
349 978 -51
456 9 458
80 807 348
200 383 138
635 699 586
382 281 273
998 340 62
167 694 665
652 657 568
15 99 991
877 582 422
275 967 538
40 46 759
412 184 758
602 947 405
697 261 77
345 432 673
761 100 655
188 696 289
660 957 864
431 255 82
550 216 126
693 37 -18
838 799 32
696 446 -83
283 310 634
343 439 876
975 911 927
648 103 209
150 526 672
58 970 511
392 610 260
36 279 -95
256 863 232
854 215 818
865 252 459
116 954 50
969 645 397
346 592 902
854 262 259
619 766 57
84 218 423
318 345 668
791 595 887
226 703 25
905 231 824
70 462 320
990 275 124
93 709 165
226 811 501
379 797 896
101 15 430
31 988 329
427 228 624
883 73 15
123 676 454
398 335 57
51 335 7
56 618 859
675 428 307
510 456 370
25 479 85
336 896 -94
469 153 127
936 479 988
790 0 -80
729 157 890
52 335 320
59 965 -32
432 281 905
261 212 994
889 472 71
810 306 968
646 632 186
327 251 958
199 511 729
528 479 696
339 669 235
167 991 47
165 214 432
307 255 105
504 834 845
599 123 401
320 410 661
526 764 568
948 803 58
630 343 738
813 89 675
599 942 566
993 666 944
486 842 192
220 703 285
351 546 443
309 458 824
525 109 -32
356 696 -56
7 620 504
776 225 344
139 314 236
641 169 122
949 431 999
846 269 64
990 37 741
753 141 253
8 240 262
225 688 -70
652 543 601
285 281 332
224 96 -12
847 823 450
323 87 821
157 771 73
574 734 -81
299 683 525
962 155 148
610 504 271
440 508 398
374 388 950
891 481 -34
761 916 779
261 441 208
270 2 398
136 977 528
904 481 533
494 779 237
902 378 632
571 148 693
882 231 988
679 59 948
216 526 456
933 148 596
438 26 576
238 125 703
644 554 830
677 451 854
327 801 689
447 397 141
553 637 683
675 359 877
197 44 987
26 831 173
529 368 383
73 294 693
490 335 214
11 108 998
176 208 418
16 61 281
607 978 405
256 426 564
201 322 893
403 99 -11
240 197 554
394 164 738
812 775 108
661 344 582
227 179 907
432 446 114
274 877 946
806 994 213
296 390 668
981 929 822
882 338 271
608 715 510
327 655 302
910 168 760
437 752 722
711 525 579
160 853 780
69 736 828
339 42 407
507 946 763
654 31 559
334 263 462
997 917 -74
602 487 -50
694 584 293
158 174 818
843 26 373
300 557 936
87 83 174
13 82 844
725 16 59
962 18 818
957 441 146
752 85 536
232 178 471
815 610 -65
376 897 755
27 226 154
376 860 527
895 206 -9
753 532 555
810 485 204
930 309 374
177 320 233
65 40 -25
230 238 558
69 189 408
193 0 511
172 556 26
126 47 861
662 55 -85
30 605 925
659 64 825
265 191 746
854 145 451
700 690 776
148 614 347
885 585 173
395 279 91
805 99 630
761 704 384
52 532 467
634 586 826
631 885 975
286 944 149
951 946 660
497 371 657
714 524 189
179 581 677
38 847 668
408 527 520
470 204 581
523 775 699
87 909 113
708 118 531
700 851 749
355 712 88
59 57 985
170 559 752
486 240 488
599 223 -16
641 713 619
30 571 239
124 209 908
907 675 850
252 512 30
2 512 786
314 465 694
449 811 -14
579 228 557
490 922 696
362 851 -78
326 839 92
734 195 768
973 406 18
289 23 6
404 366 926
563 446 281
247 394 236
178 985 248
955 238 256
578 489 602
601 684 931
449 429 894
406 930 90
142 993 934
759 517 380
422 244 11
146 843 149
683 698 -21
581 205 18
728 437 451
927 253 249
225 49 340
656 213 941
899 617 944
231 448 152
326 420 855
692 493 -26
21 62 473
460 25 232
594 203 82
488 507 27
408 190 876
117 458 518
584 270 896
562 169 748
704 15 494
812 123 761
789 555 136
929 208 242
475 603 695
737 323 244
283 826 575
360 197 295
255 244 79
163 921 -92
425 609 422
17 245 504
526 532 446
284 83 60
420 931 767
784 469 569
238 712 526
224 535 -52
897 444 -22
992 704 644
284 314 576
467 808 314
292 634 -12
886 201 -64
551 90 20
382 207 204
380 24 205
258 648 133
300 361 680
494 463 247
303 985 37
225 808 95
127 953 534
285 482 -90
211 831 885
812 396 9
508 422 965
811 979 93
744 107 689
400 161 419
499 699 208
912 865 918
758 630 -15
492 810 925
385 915 716
764 803 645
553 291 852
102 75 286
136 45 909
244 306 701
8 961 629
750 162 535
118 457 250
868 733 350
638 239 23
268 765 595
84 784 817
882 399 452
439 830 -13
291 97 897
680 948 569
922 544 568
407 693 382
452 427 456
842 775 169
959 688 682
769 778 673
599 469 -87
933 394 399
934 228 945
670 639 397
142 146 632
287 72 978
959 669 532
592 696 966
871 438 582
550 740 322
305 1 631
171 983 592
580 801 -95
885 350 556
173 253 428
696 823 90
49 748 12
530 847 85
900 605 756
743 55 -81
377 575 25
30 953 525
531 11 697
615 811 726
827 664 282
447 783 900
96 522 981
450 130 956
913 29 664
460 385 18
740 724 509
616 636 -47
262 946 429
418 678 137
258 934 651
35 216 498
329 538 548
464 771 -29
861 86 455
526 696 930
147 827 -48
532 597 450
40 551 107
401 122 379
671 126 197
600 347 450
909 999 232
157 309 442
174 251 553
903 32 890
830 283 921
665 890 421
297 416 451
632 946 324
894 525 156
322 983 232
483 3 335
328 13 -73
564 79 235
116 93 237
639 903 430
939 700 336
937 16 124
238 976 310
952 936 421
577 623 929
985 479 329
681 993 846
13 76 -43
896 829 781
367 896 27
91 384 -66
551 523 670
154 361 34
588 719 808
883 607 0
828 905 648
349 121 513
187 781 602
210 734 108
124 372 34
583 287 -3
8 193 519
823 938 489
205 577 885
982 49 632
80 457 89
428 747 432
927 195 402
160 480 795
961 171 158
821 622 80
249 388 961
532 98 9
624 280 551
904 219 462
348 708 316
978 204 18
809 85 629
784 968 974
761 461 698
845 945 119
99 801 273
102 799 253
48 216 1000
817 663 752
403 350 201
257 735 974
212 934 993
870 805 316
849 398 393
454 194 817
175 973 885
666 707 769
927 563 850
373 845 406
338 181 140
376 693 657
903 38 915
394 59 479
90 63 -6
524 633 43
459 893 569
179 49 154
803 546 409
848 155 76
849 964 566
887 531 677
381 750 417
214 916 848
600 156 863
239 580 506
548 363 608
960 113 890
306 943 935
276 277 938
583 840 168
961 165 19
105 856 62
844 397 964
721 206 535
563 734 -57
798 70 599
126 651 160
15 377 -59
885 718 527
234 307 843
984 217 832
185 862 735
298 655 748
720 684 556
969 492 978
342 639 278
736 626 409
525 635 539
993 605 995
413 455 85
678 47 379
177 184 949
244 622 948
9 215 810
737 53 642
541 825 507
436 583 725
725 475 110
37 899 454
469 441 662
234 337 937
716 9 452
942 618 356
297 357 864
583 237 173
175 394 228
389 342 675
790 266 615
982 741 885
35 208 300
101 163 316
355 915 363
970 789 49
665 869 71
245 481 434
365 320 485
717 769 -77
39 843 386
116 921 183
504 515 181
243 352 173
920 806 563
593 604 607
69 631 3
491 964 799
658 216 466
623 725 195
291 505 646
291 642 191
272 94 413
304 611 92
930 59 253
219 866 62
14 910 878
632 828 173
613 423 74
309 212 102
684 939 150
187 792 125
474 384 14
295 472 -96
856 709 563
546 727 850
848 653 402
678 897 802
888 200 -46
941 803 27
858 277 678
280 741 509
170 993 758
853 7 548
190 617 209
426 391 93
150 762 210
996 671 -33
182 584 926
303 881 -85
782 878 497
378 899 -82
622 822 581
57 423 781
613 3 587
401 330 137
117 82 213
943 20 164
800 474 110
315 523 814
358 816 633
902 94 437
616 960 968
503 114 797
305 62 929
305 57 841
270 980 382
800 921 581
928 66 -82
248 180 936
278 685 147
15 627 42
10 436 31
833 243 664
281 123 629
650 553 201
206 327 191
702 144 444
711 27 192
55 141 83
785 329 437
135 17 59
954 814 463
148 156 59
132 704 306
912 648 740
960 131 207
104 771 337
727 458 661
828 583 423
315 837 984
269 991 734
43 963 365
278 147 858
280 499 209
675 690 507
560 166 310
981 19 332
698 151 124
727 659 247
254 849 333
650 924 -81
264 125 787
383 405 980
571 849 -74
982 113 446
963 258 436
601 592 -75
856 938 976
297 479 12
55 32 674
712 71 837
996 852 45
216 587 808
500 972 597
258 983 676
124 139 112
610 881 35
754 345 126
751 374 865
917 771 285
42 567 833
627 295 383
5 882 207
798 252 117
966 311 845
762 502 131
969 332 580
342 745 518
68 708 -96
59 63 905
836 432 577
4 785 283
592 604 68
534 861 656
382 766 825
471 583 117
987 250 279
372 400 597
23 651 392
573 741 492
835 560 305
814 597 572
956 445 796
933 470 433
995 285 792
776 364 689
980 520 988
717 293 -12
166 373 -85
833 532 473
371 23 845
943 654 975
608 180 803
150 490 791
466 546 90
715 661 624
339 184 797
618 2 686
259 361 695
377 381 711
197 811 888
470 152 -98
287 292 -74
665 222 606
1 908 328
713 158 677
84 922 203
286 783 467
511 728 196
368 123 855
657 449 129
418 430 83
981 917 806
711 941 -38
747 989 851
742 116 806
270 754 40
537 20 2
624 619 870
478 800 53
760 793 734
910 804 370
413 81 798
207 541 542
468 311 664
953 671 730
232 775 685
862 183 719
637 273 414
493 774 605
767 679 -64
801 930 555
750 990 54
313 180 579
871 657 -94
488 727 608
96 904 776
1 378 815
717 51 132
160 743 945
893 130 247
132 197 90
983 422 192
354 404 906
973 550 351
842 20 706
762 814 645
728 946 393
396 445 739
952 587 376
188 138 148
420 883 561
603 629 998
999 204 866
773 723 596
357 409 680
943 696 336
240 280 599
605 861 721
829 567 448
430 638 471
636 743 -9
428 386 79
487 369 851
652 875 748
268 575 306
61 422 113
325 622 247
83 983 871
968 842 407
959 249 670
680 702 204
164 461 661
974 482 791
249 1 323
164 783 -6
927 451 553
234 988 694
797 788 765
542 602 378
205 505 754
75 230 113
784 943 401
865 340 849
456 452 460
34 451 685
146 62 861
756 323 974
803 267 -49
409 83 721
216 325 990
577 826 25
622 186 430
827 137 788
186 986 403
401 148 90
76 907 379
186 251 473
486 665 660
322 922 783
106 1 125
569 753 309
472 440 798
537 690 270
593 7 689
20 649 129
963 803 150
450 840 92
651 463 832
872 852 185
86 354 -32
256 197 447
428 556 897
815 196 664
886 164 -42
403 569 23
795 712 195
991 413 525
61 415 966
822 871 383
732 374 688
429 127 87
707 742 184
804 188 203
741 515 43
625 730 671
714 270 98
661 712 786
939 669 877
49 752 359
462 267 623
216 282 642
228 973 610
660 910 231
505 508 -26
163 737 527
791 419 -18
433 724 666
165 231 578
279 547 723
255 730 992
168 736 451
923 429 169
832 104 470
84 221 310
776 801 259
463 734 559
83 751 125
744 194 128
445 380 619
237 652 972
767 668 397
37 863 469
646 316 76
827 614 593
854 771 441
498 76 87
216 109 937
829 329 -73
574 724 823
507 352 611
364 551 939
933 471 -28
8 759 -46
512 727 856
385 136 -83
302 962 889
459 833 88
100 61 939
878 352 791
321 88 785
504 703 326
110 901 321
446 720 894
313 417 45
664 963 673
172 745 598
474 849 370
504 802 656
982 455 873
624 209 762
686 592 151
707 176 763
385 619 877
323 873 299
661 721 911
168 945 196
289 713 754
797 95 679
105 900 117
780 494 752
948 264 371
675 16 654
444 231 701
223 215 225
145 405 652
372 498 410
728 50 350
717 815 125
46 885 54
605 12 674
593 249 903
589 817 -60
655 320 -63
847 694 281
237 832 161
856 962 953
544 786 999
454 123 870
429 887 209
391 863 627
41 644 563
34 292 -42
596 273 460
728 815 25
707 417 684
136 433 856
125 422 -31
236 285 378
41 525 343
687 858 -70
766 274 975
465 155 314
377 414 379
401 372 385
822 712 390
56 335 194
807 879 737
159 787 -62
122 778 360
540 410 658
761 151 794
745 701 770
921 301 647
182 682 546
424 58 329
520 727 322
599 41 30
276 403 421
213 435 162
772 755 220
19 980 601
823 864 960
329 619 988
888 771 763
531 16 194
956 64 423
457 393 528
731 63 517
921 40 677
387 230 -1
520 54 -28
330 344 102
924 309 579
736 902 528
660 272 737
97 749 731
718 255 121
386 818 224
108 477 457
230 760 127
493 309 605
104 556 351
713 926 503
261 956 869
371 966 880
217 995 -79
978 293 186
444 44 383
712 307 120
395 145 801
639 535 822
920 206 728
824 892 377
736 730 25
95 698 496
113 639 984
39 926 840
303 207 291
865 299 141
852 174 861
945 478 -77
943 31 633
137 299 806
618 871 214
117 651 256
744 0 773
117 65 476
102 195 -62
704 13 711
424 124 695
900 28 957
164 208 586
678 366 358
821 296 -11
512 103 260
635 671 372
576 948 613
868 713 454
153 80 162
238 488 198
936 616 162
382 443 -37
392 716 686
304 993 899
310 927 959
692 261 -40
638 874 130
134 913 175
82 993 71
379 781 982
393 813 794
920 778 508
19 994 321
636 819 997
347 95 958
723 845 630
611 191 670
621 192 730
838 110 975
686 223 165
701 262 -83
467 691 711
851 823 308
328 643 567
816 903 652
495 282 250
292 875 923
128 335 828
16 48 128
549 168 -90
367 580 -49
532 123 462
273 874 935
397 257 360
802 648 792
439 322 709
510 21 304
797 406 965
690 584 889
822 621 694
804 830 80
685 96 927
865 275 140
536 655 18
421 309 487
548 753 822
128 339 532
476 267 70
708 523 465
522 288 140
200 390 722
706 991 271
962 234 498
186 398 533
575 161 174
278 232 -77
847 829 209
952 238 261
348 229 26
926 478 703
551 260 236
715 64 340
364 837 122
787 466 916
971 380 241
328 960 -14
267 867 335
928 723 -55
642 190 535
28 530 225
164 279 11
49 240 937
239 302 148
870 83 73
732 250 657
956 132 561
45 32 455
304 991 311
828 693 967
575 820 633
104 952 571
110 388 711
339 393 732
607 49 190
407 686 241
272 52 272
429 896 -59
317 530 659
802 7 638
649 28 554
92 85 27
911 146 618
793 462 305
86 196 80
806 507 859
256 916 -19
150 231 -15
583 770 608
878 521 969
985 310 367
789 968 161
857 567 421
361 920 684
704 272 436
828 454 663
507 912 285
705 944 54
897 599 771
658 833 -18
113 514 661
43 715 48
467 81 733
744 442 501
513 468 321
582 833 323
408 1 114
878 84 385
236 205 -84
361 10 -94
612 252 896
945 904 245
403 159 345
392 228 432
888 142 704
490 301 622
89 844 797
1 254 347
419 247 -57
169 325 936
764 363 804
122 715 27
291 895 940
685 821 599
142 401 600
848 982 79
185 492 601
786 699 178
104 449 566
904 88 -21
95 18 49
333 664 42
607 379 467
404 531 337
513 655 -92
401 649 179
987 755 298
567 265 -81
849 730 94
91 504 922
366 239 -83
880 531 733
917 598 -10
669 913 711
118 634 -47
442 371 251
744 19 428
896 616 182
806 707 791
24 301 219
786 736 281
420 597 211
284 755 233
638 653 297
879 774 191
974 88 426
828 430 338
901 859 734
144 264 723
651 397 232
982 405 957
634 80 657
230 684 -21
605 522 879
716 303 816
783 994 644
556 37 453
503 701 832
80 91 66
874 810 555
719 358 293
662 83 345
100 951 850
988 954 419
28 623 91
213 75 -11
873 599 536
602 277 579
237 869 127
582 708 728
63 803 776
628 350 231
360 574 312
920 298 851
995 747 922
560 187 974
434 23 660
364 797 130
697 532 723
3 119 397
797 566 309
789 687 643
432 928 813
182 557 861
810 266 49
523 112 407
824 663 952
37 942 949
518 191 341
83 138 490
985 991 526
159 699 432
560 234 533
754 875 -20
195 983 500
232 857 558
106 914 80
662 59 997
150 466 996
657 336 -52
150 111 -63
130 779 549
157 29 117
133 830 889
672 368 702
39 664 323
755 892 35
324 622 417
605 150 823
101 353 488
361 102 995
666 474 77
344 184 123
708 396 506
8 165 64
48 108 687
640 233 -43
636 789 861
137 983 543
156 680 -26
887 394 296
314 394 39
389 247 178
217 249 813
37 206 536
538 39 185
405 813 242
581 42 573
538 876 193
219 9 -55
944 886 125
313 511 358
225 249 196
697 778 346
220 159 279
503 187 87
783 686 160
122 977 374
162 960 551
825 553 -98
841 73 91
385 329 169
658 902 781
323 434 840
725 957 41
1 920 476
101 400 938
12 917 42
736 217 470
83 385 999
966 527 879
420 804 -65
572 15 424
237 127 721
838 157 536
239 241 50
924 849 446
926 107 727
283 147 229
987 720 837
899 87 621
89 935 830
951 684 669
528 560 862
563 158 713
93 652 -87
444 282 313
263 651 717
410 534 -3
691 919 389
796 520 444
925 819 208
477 836 487
787 995 86
872 552 501
630 450 792
327 140 490
578 638 845
482 983 948
176 42 516
364 151 283
674 236 104
817 537 869
658 249 597
744 883 939
354 25 628
793 735 361
249 448 148
129 741 619
62 141 628
822 77 665
604 598 237
392 720 318
928 793 -90
226 271 549
981 438 395
961 601 764
459 957 507
396 630 558
193 555 980
15 255 150
450 102 288
762 532 -46
514 14 749
206 831 424
883 382 420
597 23 -47
70 124 349
483 191 306
263 999 739
481 260 218
463 169 945
234 653 6
239 410 492
844 226 -94
561 15 544
280 92 412
854 426 -13
966 454 835
12 594 416
702 824 822
578 685 281
856 425 581
424 790 603
271 284 46
7 870 -99
149 568 813
860 561 789
416 891 896
469 193 806
696 799 504
737 611 -22
401 515 810
123 699 819
405 159 -36
312 858 -98
947 876 326
400 220 698
934 545 151
621 605 545
579 206 232
409 998 -69
785 441 745
223 232 58
22 52 551
432 570 330
282 758 505
801 453 16
567 390 -18
540 695 -72
861 251 53
613 257 -100
286 344 715
880 751 819
836 930 67
745 644 873
276 646 608
472 108 990
72 70 543
624 268 295
741 998 368
181 393 817
841 434 -33
877 890 329
379 786 923
167 294 904
622 989 -93
9 187 36
999 307 351
73 168 199
256 113 -4
123 952 99
321 885 770
668 157 752
167 50 953
723 180 267
565 74 846
987 536 980
298 607 227
331 402 878
686 472 628
106 762 308
776 506 580
571 889 371
33 124 308
976 495 349
599 260 197
154 564 78
68 596 -43
730 732 826
634 285 409
791 816 -93
683 646 124
229 960 213
321 178 7
240 416 60
633 295 934
207 895 223
718 397 569
60 101 968
339 637 507
10 516 262
752 266 982
625 899 -46
439 564 559
434 691 -91
260 616 -11
843 640 877
507 578 201
854 844 964
210 788 577
388 288 885
291 704 961
698 840 119
194 810 476
957 823 -98
893 151 851
926 893 152
968 163 -77
379 894 452
950 961 832
731 277 138
472 779 638
225 363 741
754 971 946
806 765 400
813 2 110
328 52 576
23 48 412
571 104 654
661 888 335
163 252 199
709 229 124
839 912 687
536 64 613
966 636 986
949 607 29
804 832 666
173 242 213
316 256 604
701 746 932
777 458 972
104 194 842
300 29 -7
197 318 654
770 854 698
885 200 552
326 281 722
538 819 661
755 695 208
685 999 819
380 715 975
440 950 661
444 873 247
484 773 435
627 70 138
577 173 245
921 425 308
232 581 353
130 886 613
254 815 672
704 448 625
562 855 641
425 532 645
466 264 998
427 140 254
604 374 673
352 422 548
409 784 -55
919 502 399
770 790 119
546 855 881
235 265 301
501 581 785
399 53 82
130 880 574
427 179 26
209 163 280
938 222 145
194 378 386
469 279 818
991 879 892
610 536 353
728 690 388
383 150 455
873 883 546
158 654 796
36 966 607
454 420 911
338 649 13
389 516 76
705 275 531
468 915 7
524 580 163
515 208 193
151 309 -69
705 811 372
470 983 627
143 466 795
109 922 88
925 397 205
183 119 -15
744 482 389
463 842 292
867 545 53
389 268 465
386 610 475
135 959 150
839 716 645
818 548 302
82 834 583
27 892 2
237 32 416
5 389 696
872 707 36
661 700 20
44 181 145
536 356 497
29 194 -68
246 800 398
891 497 494
881 867 890
552 840 261
966 424 967
999 3 638
994 459 225
629 166 938
537 393 786
188 693 265
558 742 762
144 312 797
308 518 -73
758 70 476
787 808 124
482 557 67
765 537 469
412 45 778
374 989 478
974 702 237
24 734 769
333 691 688
985 391 -96
134 658 420
587 827 129
927 837 3
834 687 784
889 308 -67
422 138 549
241 441 44
151 210 854
979 588 125
931 575 533
61 853 109
708 2 416
545 463 97
454 491 33
650 973 861
92 878 532
155 969 46
55 275 935
863 271 905
442 692 830
724 823 833
518 551 771
10 450 365
483 637 -98
104 580 63
13 996 422
768 310 258
353 507 487
342 250 170
602 122 404
336 810 680
516 488 145
648 64 67
439 592 617
202 231 203
910 744 681
943 205 895
901 595 991
535 191 778
557 617 794
376 680 870
474 985 849
747 480 894
66 342 715
947 448 292
554 237 682
714 715 743
344 791 978
367 402 691
999 938 848
659 686 423
520 213 527
236 14 842
46 324 415
143 53 740
933 632 99
338 921 672
84 738 270
181 975 155
883 634 414
226 776 864
54 41 430
181 215 540
494 436 259
554 329 625
982 972 348
94 24 751
868 227 -35
56 742 566
371 730 371
886 785 834
892 518 208
389 715 401
152 497 561
744 842 -52
10 140 666
691 749 631
894 532 16
59 264 393
206 251 99
902 630 364
180 159 -84
908 707 895
760 141 471
124 92 217
424 12 490
305 247 373
403 893 980
527 948 345
942 515 182
166 951 693
651 594 653
849 881 413
290 284 834
930 571 834
743 142 896
24 278 414
495 460 476
733 124 228
940 190 260
459 383 331
215 792 -61
476 366 424
82 204 787
265 774 947
670 721 993
666 818 312
904 987 653
34 778 -19
696 138 117
91 643 363
891 604 974
484 597 630
871 284 264
787 433 848
471 479 232
17 656 485
902 194 728
414 257 291
429 214 854
244 763 928
73 649 482
785 812 122
160 516 934
218 173 872
432 683 83
605 273 834
754 803 756
888 92 145
945 947 324
73 32 618
411 603 799
663 627 209
370 857 927
436 991 83
291 274 -60
165 583 89
396 571 457
554 798 485
842 15 -85
997 52 400
12 368 882
214 687 606
701 123 289
216 439 -74
15 702 298
293 524 11
153 794 379
949 117 576
500 803 491
895 618 409
224 840 555
549 362 864
408 85 914
118 197 201
96 481 -62
769 707 887
395 816 506
113 977 172
657 351 728
378 613 222
910 549 389
372 591 355
56 815 43
645 837 95
516 545 -78
508 391 121
381 68 862
9 942 397
662 332 -87
789 554 555
228 764 780
693 452 4
645 425 440
791 365 -71
231 162 -81
820 385 684
103 834 508
331 864 519
504 892 611
548 67 340
304 415 605
697 546 993
443 643 537
116 42 446
279 533 834
464 334 485
153 285 813
661 480 751
594 107 617
751 504 812
990 747 1
423 245 -94
544 637 879
122 768 63
332 489 822
117 529 892
468 908 -1
323 452 551
750 961 907
909 899 82
358 657 38
912 855 253
481 304 342
732 224 -43
956 243 292
265 919 528
616 334 673
725 362 -88
635 393 23
753 797 554
281 40 369
799 273 982
709 555 539
743 789 494
358 242 664
288 940 722
201 450 -72
537 85 299
894 541 938
597 249 21
934 63 376
397 551 176
865 415 316
687 954 877
457 969 -1
932 915 296
577 651 694
741 771 512
171 685 829
115 765 746
452 110 777
582 410 141
384 696 -24
199 901 423
613 667 791
688 212 283
215 431 787
788 447 -65
873 137 953
507 278 -76
51 466 450
789 741 -100
616 792 75
783 895 269
225 322 353
734 156 985
416 102 787
689 695 866
574 309 856
502 941 973
266 518 181
688 390 67
844 387 955
938 71 198
684 144 528
844 703 584
58 104 322
368 781 973
127 300 439
888 836 108
815 237 522
599 563 511
355 165 826
219 369 822
613 11 677
809 483 448
46 391 429
883 963 677
167 244 821
748 50 662
464 248 89
732 11 42
884 11 110
158 309 158
865 606 53
927 912 951
354 551 44
434 737 405
205 732 667
451 826 297
734 799 776
306 683 912
360 754 332
815 7 433
599 645 690
676 741 481
628 596 -72
146 953 -14
987 947 181
576 704 200
972 783 222
544 976 150
594 923 808
948 450 232
357 412 413
938 248 898
209 234 239
500 760 743
374 962 96
784 947 667
494 557 675
440 902 483
974 806 137
98 149 321
547 775 522
473 253 994
247 684 49
551 504 723
688 873 46
475 80 130
94 953 128
159 138 428
966 726 833
744 964 406
12 736 378
601 694 869
633 884 461
895 870 293
889 708 -65
513 286 641
956 553 97
733 822 361
779 377 331
541 180 570
603 136 722
236 708 901
324 25 -99
861 360 736
95 415 59
921 570 750
847 599 811
921 411 195
79 823 497
670 97 615
271 63 201
856 683 979
455 702 744
246 166 463
445 30 -75
75 950 -14
12 104 509
124 484 459
886 101 602
902 188 502
722 549 458
829 688 277
619 617 627
663 555 474
59 634 630
8 478 571
579 916 596
733 820 103
930 118 436
22 862 98
392 575 266
475 970 85
467 691 713
407 862 26
300 588 25
491 207 411
581 490 452
578 865 848
928 387 -6
415 193 28
493 252 -97
895 832 361
5 970 162
958 540 851
922 468 202
398 2 450
128 314 -9
1 909 -74
708 427 633
64 667 77
568 278 743
274 627 12
342 158 829
381 903 909
144 983 434
222 761 884
335 566 135
881 936 939
357 916 377
295 235 30
896 961 829
408 982 170
294 160 410
192 200 76
434 292 -72
240 410 805
866 152 352
838 34 782
941 713 947
170 125 435
306 375 525
483 252 -45
59 270 231
298 945 589
211 878 836
636 145 115
65 133 529
50 39 -86
212 408 903
691 478 440
495 477 72
205 848 85
34 729 848
407 365 458
962 122 589
92 813 691
902 336 367
835 996 213
889 328 763
212 499 287
838 266 836
272 318 865
458 475 539
378 973 270
558 825 168
815 154 763
534 273 190
664 329 678
706 940 511
233 558 966
832 808 759
919 837 -63
728 225 485
748 779 985
632 34 -93
854 744 248
451 984 83
889 490 780
518 47 646
863 634 535
946 408 90
742 703 722
583 674 726
898 439 401
733 969 300
217 665 164
872 369 291
837 676 290
458 272 501
117 215 822
338 96 358
319 533 284
592 122 65
802 986 546
399 395 400
674 577 785
611 510 -37
43 365 675
856 326 -75
320 165 948
804 68 769
564 189 468
452 429 703
74 464 699
748 806 -36
468 56 324
565 845 734
816 232 759
585 889 415
813 908 448
164 98 465
22 677 293
273 955 -15
349 518 12
727 867 -24
590 760 185
801 100 794
134 238 743
95 778 108
47 902 510
351 488 633
855 911 458
954 45 264
500 735 -41
211 621 767
843 5 314
124 676 323
240 845 402
640 772 3
782 339 876
1 581 783
935 708 -29
662 730 638
74 999 432
363 708 666
386 158 704
332 544 215
609 855 288
58 783 10
795 266 206
427 676 253
846 53 -14
908 179 946
795 919 658
962 602 -3
341 74 286
482 45 943
372 694 830
395 342 839
273 451 -92
566 844 243
668 227 986
773 604 81
707 247 159
832 191 927
8 433 -93
180 777 -27
623 806 979
498 912 196
198 842 339
479 323 222
470 929 261
392 834 116
931 715 112
362 458 622
441 203 614
758 965 793
641 453 510
129 569 872
999 88 448
689 537 -44
71 969 736
104 221 652
981 0 124
959 743 109
931 489 98
52 786 920
640 381 96
565 426 76
497 47 117
718 620 912
29 707 719
766 580 185
858 757 890
438 336 407
796 558 427
793 629 905
218 561 381
437 920 64
706 232 566
402 82 219
412 138 400
706 924 258
767 621 85
344 438 612
708 167 952
288 548 97
756 341 -65
715 899 705
346 733 470
166 233 568
142 777 -70
689 782 -79
131 285 -86
852 759 186
744 76 899
530 58 134
92 126 281
804 972 886
809 385 305
867 417 366
938 705 71
49 495 -76
880 667 395
333 577 910
723 112 309
77 494 955
686 498 251
481 864 729
588 589 704
817 86 16
344 104 683
575 265 -24
693 344 476
420 47 780
182 56 298
768 537 706
730 611 449
477 432 514
540 135 965
554 220 582
94 746 862
78 693 -58
133 651 167
422 330 599
498 105 205
526 839 236
258 318 901
528 13 590
566 233 560
121 682 756
317 598 567
21 835 906
369 573 704
430 726 191
97 538 581
420 57 850
403 815 534
373 682 672
203 617 861
255 798 505
17 995 331
463 389 442
986 224 54
742 280 -100
528 536 261
581 241 393
327 486 985
360 985 -65
64 707 -18
399 37 954
272 583 215
270 581 377
92 450 386
851 736 124
417 908 58
109 601 433
892 489 260
737 635 257
466 305 53
343 480 103
128 538 553
724 22 659
954 238 528
209 518 291
538 488 211
107 855 823
535 394 383
667 110 66
350 693 324
723 622 520
579 357 888
189 621 832
747 925 677
952 987 32
91 462 861
612 137 355
903 664 613
874 596 445
531 958 -12
122 712 861
273 769 112
647 309 977
71 660 -26
213 508 193
892 521 816
373 21 102
489 658 949
480 799 645
540 634 330
871 728 426
797 995 223
901 185 -41
428 52 958
734 58 686
849 67 636
68 648 245
145 229 242
649 377 633
689 265 164
726 722 -63
229 734 -92
34 999 772
95 983 256
804 892 571
50 930 905
210 950 707
661 676 844
371 980 469
305 837 396
166 527 332
91 410 -69
751 43 70
267 704 677
554 139 711
509 952 637
340 701 943
310 35 269
419 356 911
8 283 811
997 701 466
644 156 908
868 230 703
966 381 3
121 926 311
93 216 848
231 69 604
417 846 -65
529 643 636
641 931 594
296 561 837
667 408 342
98 384 969
2 747 363
470 369 732
362 800 76
992 739 271
581 56 169
492 946 324
416 185 704
514 131 196
671 254 100
72 116 732
151 229 191
435 806 175
142 11 722
236 632 785
857 170 300
699 313 505
413 546 646
842 559 633
584 250 354
577 744 138
856 59 154
900 912 823
177 302 380
171 74 512
889 878 62
592 584 230
459 297 111
495 271 883
898 779 105
562 630 732
447 481 933
990 35 695
356 386 795
915 87 256
462 933 -6
19 945 628
837 265 237
479 122 640
855 614 617
424 36 329
247 442 61
380 947 633
280 783 746
835 215 130
659 730 930
824 243 -34
217 38 856
851 970 43
758 802 660
